2.999000000000000000e+03
3.012000000000000000e+03
3.035000000000000000e+03
3.197000000000000000e+03
3.239000000000000000e+03
3.272000000000000000e+03
3.313000000000000000e+03
3.340000000000000000e+03
3.287000000000000000e+03
3.304000000000000000e+03
3.345000000000000000e+03
3.394000000000000000e+03
3.446000000000000000e+03
3.470000000000000000e+03
3.494000000000000000e+03
3.499000000000000000e+03
3.547000000000000000e+03
3.581000000000000000e+03
3.752000000000000000e+03
3.851000000000000000e+03
6.090000000000000000e+02
6.330000000000000000e+02
6.530000000000000000e+02
6.810000000000000000e+02
7.060000000000000000e+02
7.320000000000000000e+02
7.540000000000000000e+02
9.800000000000000000e+02
1.072000000000000000e+03
3.250000000000000000e+02
4.050000000000000000e+02
9.141000000000000000e+03
9.198000000000000000e+03
9.270000000000000000e+03
4.033000000000000000e+03
4.125000000000000000e+03
8.170000000000000000e+03
8.189000000000000000e+03
8.240000000000000000e+03
8.290000000000000000e+03
8.303000000000000000e+03
4.709000000000000000e+03
4.793000000000000000e+03
4.849000000000000000e+03
4.866000000000000000e+03
4.867000000000000000e+03
4.926000000000000000e+03
5.366000000000000000e+03
5.438000000000000000e+03
5.504000000000000000e+03
1.035700000000000000e+04
1.040700000000000000e+04
1.048400000000000000e+04
