2.605000000000000000e+03
2.616000000000000000e+03
2.682000000000000000e+03
2.777000000000000000e+03
2.467000000000000000e+03
2.508000000000000000e+03
2.540000000000000000e+03
2.556000000000000000e+03
2.564000000000000000e+03
2.570000000000000000e+03
2.604000000000000000e+03
2.625000000000000000e+03
2.634000000000000000e+03
2.707000000000000000e+03
2.723000000000000000e+03
2.770000000000000000e+03
1.311000000000000000e+03
1.323000000000000000e+03
1.335000000000000000e+03
1.359000000000000000e+03
1.369000000000000000e+03
1.386000000000000000e+03
1.476000000000000000e+03
1.482000000000000000e+03
1.527000000000000000e+03
1.546000000000000000e+03
1.547000000000000000e+03
1.552000000000000000e+03
1.568000000000000000e+03
1.588000000000000000e+03
1.619000000000000000e+03
1.631000000000000000e+03
1.720000000000000000e+03
1.912000000000000000e+03
1.964000000000000000e+03
1.969000000000000000e+03
1.992000000000000000e+03
1.996000000000000000e+03
2.019000000000000000e+03
2.039000000000000000e+03
2.141000000000000000e+03
2.142000000000000000e+03
2.203000000000000000e+03
2.302000000000000000e+03
1.606000000000000000e+03
1.660000000000000000e+03
1.661000000000000000e+03
1.669000000000000000e+03
1.725000000000000000e+03
1.739000000000000000e+03
1.747000000000000000e+03
1.797000000000000000e+03
1.860000000000000000e+03
1.878000000000000000e+03
1.911000000000000000e+03
1.977000000000000000e+03
2.150000000000000000e+03
2.164000000000000000e+03
2.223000000000000000e+03
2.245000000000000000e+03
2.325000000000000000e+03
2.350000000000000000e+03
2.373000000000000000e+03
2.391000000000000000e+03
2.392000000000000000e+03
2.393000000000000000e+03
2.409000000000000000e+03
2.440000000000000000e+03
2.452000000000000000e+03
2.498000000000000000e+03
2.499000000000000000e+03
2.583000000000000000e+03
1.342000000000000000e+03
1.357000000000000000e+03
1.396000000000000000e+03
1.420000000000000000e+03
1.490000000000000000e+03
1.516000000000000000e+03
1.565000000000000000e+03
1.566000000000000000e+03
1.572000000000000000e+03
1.584000000000000000e+03
1.612000000000000000e+03
1.653000000000000000e+03
1.654000000000000000e+03
1.732000000000000000e+03
2.320000000000000000e+02
2.510000000000000000e+02
2.680000000000000000e+02
2.970000000000000000e+02
3.160000000000000000e+02
3.470000000000000000e+02
3.580000000000000000e+02
3.690000000000000000e+02
3.860000000000000000e+02
4.000000000000000000e+02
4.060000000000000000e+02
4.780000000000000000e+02
4.950000000000000000e+02
5.070000000000000000e+02
5.200000000000000000e+02
5.420000000000000000e+02
5.550000000000000000e+02
5.850000000000000000e+02
1.668000000000000000e+03
1.699000000000000000e+03
1.731000000000000000e+03
1.796000000000000000e+03
1.813000000000000000e+03
1.834000000000000000e+03
1.879000000000000000e+03
1.894000000000000000e+03
1.922000000000000000e+03
1.928000000000000000e+03
1.954000000000000000e+03
1.976000000000000000e+03
1.088000000000000000e+03
1.156000000000000000e+03
1.175000000000000000e+03
1.217000000000000000e+03
1.241000000000000000e+03
1.298000000000000000e+03
1.310000000000000000e+03
1.363000000000000000e+03
1.408000000000000000e+03
1.409000000000000000e+03
1.440000000000000000e+03
1.813000000000000000e+03
1.879000000000000000e+03
1.894000000000000000e+03
1.991000000000000000e+03
2.006000000000000000e+03
1.342000000000000000e+03
1.395000000000000000e+03
1.899000000000000000e+03
1.912000000000000000e+03
1.964000000000000000e+03
1.992000000000000000e+03
1.449000000000000000e+03
1.497000000000000000e+03
1.574000000000000000e+03
1.578000000000000000e+03
1.604000000000000000e+03
1.405000000000000000e+03
1.412000000000000000e+03
1.413000000000000000e+03
1.486000000000000000e+03
1.487000000000000000e+03
1.538000000000000000e+03
2.599000000000000000e+03
2.617000000000000000e+03
2.734000000000000000e+03
2.829000000000000000e+03
2.835000000000000000e+03
2.873000000000000000e+03
2.893000000000000000e+03
2.927000000000000000e+03
9.075000000000000000e+03
1.950000000000000000e+02
2.140000000000000000e+02
2.270000000000000000e+02
3.648000000000000000e+03
3.652000000000000000e+03
3.698000000000000000e+03
3.735000000000000000e+03
3.761000000000000000e+03
3.782000000000000000e+03
5.523000000000000000e+03
5.624000000000000000e+03
4.826000000000000000e+03
4.832000000000000000e+03
4.901000000000000000e+03
4.949000000000000000e+03
6.982000000000000000e+03
6.996000000000000000e+03
7.059000000000000000e+03
6.940000000000000000e+03
6.992000000000000000e+03
6.993000000000000000e+03
7.003000000000000000e+03
