7.009000000000000000e+03
7.049000000000000000e+03
7.130000000000000000e+03
7.156000000000000000e+03
7.182000000000000000e+03
7.204000000000000000e+03
7.289000000000000000e+03
7.314000000000000000e+03
7.322000000000000000e+03
7.336000000000000000e+03
7.344000000000000000e+03
7.383000000000000000e+03
7.469000000000000000e+03
7.501000000000000000e+03
7.502000000000000000e+03
7.515000000000000000e+03
7.532000000000000000e+03
7.626000000000000000e+03
7.642000000000000000e+03
7.670000000000000000e+03
7.702000000000000000e+03
7.721000000000000000e+03
7.862000000000000000e+03
5.859000000000000000e+03
5.890000000000000000e+03
5.913000000000000000e+03
5.932000000000000000e+03
5.946000000000000000e+03
5.989000000000000000e+03
6.001000000000000000e+03
6.030000000000000000e+03
6.064000000000000000e+03
6.110000000000000000e+03
6.111000000000000000e+03
6.147000000000000000e+03
6.196000000000000000e+03
6.197000000000000000e+03
6.218000000000000000e+03
6.266000000000000000e+03
6.278000000000000000e+03
6.306000000000000000e+03
6.357000000000000000e+03
6.367000000000000000e+03
6.405000000000000000e+03
6.413000000000000000e+03
6.414000000000000000e+03
6.415000000000000000e+03
6.428000000000000000e+03
6.491000000000000000e+03
6.518000000000000000e+03
6.519000000000000000e+03
6.520000000000000000e+03
6.565000000000000000e+03
8.775000000000000000e+03
8.820000000000000000e+03
8.858000000000000000e+03
8.859000000000000000e+03
8.893000000000000000e+03
8.944000000000000000e+03
8.962000000000000000e+03
8.963000000000000000e+03
9.029000000000000000e+03
9.102000000000000000e+03
9.103000000000000000e+03
9.123000000000000000e+03
9.178000000000000000e+03
9.243000000000000000e+03
9.286000000000000000e+03
9.325000000000000000e+03
9.338000000000000000e+03
9.359000000000000000e+03
9.360000000000000000e+03
9.377000000000000000e+03
9.439000000000000000e+03
9.451000000000000000e+03
9.489000000000000000e+03
9.581000000000000000e+03
9.582000000000000000e+03
9.646000000000000000e+03
6.949000000000000000e+03
7.007000000000000000e+03
7.091000000000000000e+03
7.216000000000000000e+03
7.217000000000000000e+03
7.229000000000000000e+03
7.312000000000000000e+03
7.392000000000000000e+03
7.407000000000000000e+03
7.527000000000000000e+03
7.528000000000000000e+03
7.529000000000000000e+03
7.555000000000000000e+03
7.605000000000000000e+03
7.685000000000000000e+03
7.686000000000000000e+03
7.687000000000000000e+03
7.719000000000000000e+03
7.783000000000000000e+03
7.807000000000000000e+03
7.826000000000000000e+03
7.838000000000000000e+03
1.440300000000000000e+04
1.445800000000000000e+04
1.449000000000000000e+04
1.450200000000000000e+04
1.455200000000000000e+04
1.458700000000000000e+04
1.462700000000000000e+04
1.465700000000000000e+04
1.467500000000000000e+04
1.471200000000000000e+04
1.473000000000000000e+04
1.475500000000000000e+04
1.477700000000000000e+04
1.479300000000000000e+04
1.485000000000000000e+04
1.485800000000000000e+04
1.487100000000000000e+04
1.489400000000000000e+04
1.492300000000000000e+04
1.493200000000000000e+04
1.495400000000000000e+04
1.499000000000000000e+04
1.499100000000000000e+04
1.501100000000000000e+04
1.507600000000000000e+04
1.507700000000000000e+04
1.221000000000000000e+04
1.225900000000000000e+04
1.229300000000000000e+04
1.243900000000000000e+04
1.244000000000000000e+04
1.246100000000000000e+04
1.253600000000000000e+04
1.257200000000000000e+04
1.257300000000000000e+04
1.259700000000000000e+04
1.260600000000000000e+04
1.260700000000000000e+04
1.261800000000000000e+04
1.266900000000000000e+04
1.276300000000000000e+04
1.278500000000000000e+04
1.283200000000000000e+04
1.287500000000000000e+04
1.287600000000000000e+04
1.288900000000000000e+04
1.296400000000000000e+04
1.300800000000000000e+04
1.306600000000000000e+04
1.003400000000000000e+04
1.021900000000000000e+04
1.022000000000000000e+04
1.023000000000000000e+04
1.027200000000000000e+04
1.029500000000000000e+04
1.029600000000000000e+04
1.039300000000000000e+04
1.039400000000000000e+04
1.049100000000000000e+04
1.049200000000000000e+04
1.051300000000000000e+04
1.052300000000000000e+04
1.052400000000000000e+04
1.055900000000000000e+04
1.060400000000000000e+04
1.060500000000000000e+04
1.062100000000000000e+04
1.065800000000000000e+04
1.065900000000000000e+04
1.076800000000000000e+04
4.713000000000000000e+03
4.723000000000000000e+03
4.791000000000000000e+03
4.859000000000000000e+03
4.881000000000000000e+03
4.934000000000000000e+03
4.935000000000000000e+03
4.956000000000000000e+03
5.008000000000000000e+03
5.047000000000000000e+03
5.103000000000000000e+03
5.141000000000000000e+03
5.142000000000000000e+03
5.143000000000000000e+03
5.164000000000000000e+03
5.207000000000000000e+03
5.255000000000000000e+03
5.259000000000000000e+03
5.270000000000000000e+03
5.338000000000000000e+03
5.399000000000000000e+03
5.408000000000000000e+03
5.435000000000000000e+03
8.760000000000000000e+02
9.200000000000000000e+02
9.380000000000000000e+02
9.500000000000000000e+02
9.510000000000000000e+02
1.017000000000000000e+03
1.084000000000000000e+03
1.137000000000000000e+03
1.155000000000000000e+03
1.164000000000000000e+03
1.198000000000000000e+03
1.230000000000000000e+03
1.277000000000000000e+03
1.312000000000000000e+03
1.338000000000000000e+03
1.348000000000000000e+03
1.396000000000000000e+03
1.492000000000000000e+03
1.578000000000000000e+03
1.646000000000000000e+03
2.557000000000000000e+03
2.599000000000000000e+03
2.690000000000000000e+03
2.715000000000000000e+03
2.770000000000000000e+03
2.820000000000000000e+03
2.831000000000000000e+03
2.842000000000000000e+03
2.875000000000000000e+03
2.915000000000000000e+03
2.939000000000000000e+03
2.952000000000000000e+03
2.986000000000000000e+03
3.023000000000000000e+03
3.051000000000000000e+03
3.052000000000000000e+03
3.076000000000000000e+03
3.124000000000000000e+03
3.125000000000000000e+03
3.157000000000000000e+03
3.176000000000000000e+03
3.190000000000000000e+03
3.226000000000000000e+03
3.227000000000000000e+03
3.263000000000000000e+03
1.395000000000000000e+03
1.458000000000000000e+03
1.602000000000000000e+03
1.618000000000000000e+03
1.661000000000000000e+03
1.730000000000000000e+03
1.757000000000000000e+03
1.774000000000000000e+03
1.810000000000000000e+03
1.840000000000000000e+03
1.898000000000000000e+03
1.973000000000000000e+03
2.003000000000000000e+03
2.075000000000000000e+03
2.088000000000000000e+03
2.152000000000000000e+03
5.482000000000000000e+03
5.554000000000000000e+03
5.730000000000000000e+03
5.802000000000000000e+03
5.876000000000000000e+03
5.908000000000000000e+03
5.943000000000000000e+03
5.997000000000000000e+03
6.015000000000000000e+03
6.027000000000000000e+03
4.142000000000000000e+03
4.229000000000000000e+03
4.325000000000000000e+03
4.357000000000000000e+03
4.390000000000000000e+03
4.478000000000000000e+03
4.519000000000000000e+03
3.010000000000000000e+03
3.103000000000000000e+03
3.116000000000000000e+03
3.136000000000000000e+03
3.148000000000000000e+03
3.217000000000000000e+03
3.248000000000000000e+03
3.258000000000000000e+03
3.262000000000000000e+03
3.320000000000000000e+03
3.374000000000000000e+03
3.404000000000000000e+03
3.405000000000000000e+03
3.434000000000000000e+03
3.458000000000000000e+03
3.649000000000000000e+03
3.650000000000000000e+03
3.662000000000000000e+03
3.735000000000000000e+03
3.772000000000000000e+03
3.783000000000000000e+03
3.796000000000000000e+03
3.817000000000000000e+03
1.980000000000000000e+03
1.993000000000000000e+03
2.016000000000000000e+03
2.107000000000000000e+03
2.108000000000000000e+03
2.137000000000000000e+03
2.170000000000000000e+03
2.171000000000000000e+03
2.217000000000000000e+03
2.231000000000000000e+03
2.254000000000000000e+03
2.264000000000000000e+03
2.316000000000000000e+03
2.383000000000000000e+03
2.415000000000000000e+03
2.444000000000000000e+03
2.499000000000000000e+03
2.509000000000000000e+03
2.536000000000000000e+03
2.556000000000000000e+03
2.598000000000000000e+03
2.636000000000000000e+03
2.657000000000000000e+03
2.669000000000000000e+03
9.260000000000000000e+02
9.370000000000000000e+02
9.930000000000000000e+02
1.054000000000000000e+03
1.082000000000000000e+03
1.107000000000000000e+03
1.218000000000000000e+03
1.219000000000000000e+03
1.241000000000000000e+03
1.242000000000000000e+03
1.266000000000000000e+03
1.289000000000000000e+03
1.302000000000000000e+03
1.303000000000000000e+03
1.337000000000000000e+03
1.359000000000000000e+03
1.394000000000000000e+03
1.405000000000000000e+03
1.432000000000000000e+03
1.448000000000000000e+03
1.457000000000000000e+03
1.478000000000000000e+03
1.479000000000000000e+03
1.512000000000000000e+03
1.532000000000000000e+03
1.544000000000000000e+03
1.595000000000000000e+03
1.729000000000000000e+03
4.895000000000000000e+03
4.944000000000000000e+03
4.986000000000000000e+03
5.007000000000000000e+03
5.046000000000000000e+03
5.100000000000000000e+03
5.101000000000000000e+03
5.124000000000000000e+03
5.177000000000000000e+03
5.178000000000000000e+03
5.191000000000000000e+03
5.206000000000000000e+03
5.218000000000000000e+03
5.241000000000000000e+03
5.258000000000000000e+03
5.296000000000000000e+03
5.319000000000000000e+03
5.368000000000000000e+03
5.369000000000000000e+03
5.386000000000000000e+03
5.462000000000000000e+03
5.468000000000000000e+03
5.481000000000000000e+03
4.450000000000000000e+02
4.780000000000000000e+02
5.600000000000000000e+02
5.610000000000000000e+02
5.900000000000000000e+02
6.380000000000000000e+02
6.390000000000000000e+02
7.220000000000000000e+02
7.340000000000000000e+02
8.280000000000000000e+02
8.290000000000000000e+02
8.300000000000000000e+02
8.670000000000000000e+02
8.920000000000000000e+02
9.590000000000000000e+02
9.790000000000000000e+02
1.013000000000000000e+03
1.014000000000000000e+03
1.136000000000000000e+03
2.404000000000000000e+03
2.524000000000000000e+03
2.558000000000000000e+03
2.601000000000000000e+03
2.624000000000000000e+03
2.716000000000000000e+03
2.821000000000000000e+03
3.100000000000000000e+03
3.133000000000000000e+03
3.202000000000000000e+03
3.308000000000000000e+03
3.316000000000000000e+03
3.367000000000000000e+03
3.398000000000000000e+03
1.420200000000000000e+04
1.425200000000000000e+04
1.436300000000000000e+04
1.437600000000000000e+04
1.444400000000000000e+04
1.445400000000000000e+04
1.452900000000000000e+04
1.458100000000000000e+04
1.459700000000000000e+04
1.460700000000000000e+04
1.323000000000000000e+03
1.482000000000000000e+03
1.554000000000000000e+03
1.682000000000000000e+03
8.801000000000000000e+03
8.836000000000000000e+03
8.861000000000000000e+03
8.934000000000000000e+03
9.017000000000000000e+03
9.201000000000000000e+03
9.237000000000000000e+03
