6.392000000000000000e+03
6.402000000000000000e+03
6.403000000000000000e+03
6.404000000000000000e+03
6.502000000000000000e+03
6.540000000000000000e+03
6.554000000000000000e+03
6.598000000000000000e+03
6.640000000000000000e+03
6.670000000000000000e+03
6.740000000000000000e+03
6.741000000000000000e+03
6.757000000000000000e+03
6.768000000000000000e+03
6.789000000000000000e+03
6.829000000000000000e+03
6.830000000000000000e+03
6.831000000000000000e+03
6.841000000000000000e+03
6.860000000000000000e+03
6.876000000000000000e+03
6.885000000000000000e+03
6.894000000000000000e+03
6.895000000000000000e+03
6.962000000000000000e+03
7.052000000000000000e+03
7.053000000000000000e+03
5.624000000000000000e+03
5.661000000000000000e+03
5.721000000000000000e+03
5.766000000000000000e+03
5.777000000000000000e+03
5.790000000000000000e+03
5.791000000000000000e+03
5.801000000000000000e+03
5.806000000000000000e+03
5.811000000000000000e+03
5.812000000000000000e+03
5.813000000000000000e+03
5.873000000000000000e+03
5.896000000000000000e+03
5.928000000000000000e+03
5.974000000000000000e+03
5.983000000000000000e+03
6.016000000000000000e+03
6.023000000000000000e+03
6.024000000000000000e+03
6.047000000000000000e+03
6.055000000000000000e+03
6.062000000000000000e+03
6.118000000000000000e+03
6.142000000000000000e+03
6.155000000000000000e+03
2.970000000000000000e+03
2.979000000000000000e+03
3.041000000000000000e+03
3.050000000000000000e+03
3.084000000000000000e+03
3.085000000000000000e+03
3.103000000000000000e+03
3.158000000000000000e+03
3.159000000000000000e+03
3.160000000000000000e+03
3.182000000000000000e+03
3.206000000000000000e+03
3.214000000000000000e+03
3.288000000000000000e+03
3.294000000000000000e+03
3.361000000000000000e+03
3.402000000000000000e+03
3.413000000000000000e+03
3.419000000000000000e+03
3.420000000000000000e+03
3.436000000000000000e+03
3.461000000000000000e+03
3.499000000000000000e+03
3.540000000000000000e+03
3.577000000000000000e+03
3.588000000000000000e+03
2.139000000000000000e+03
2.147000000000000000e+03
2.154000000000000000e+03
2.170000000000000000e+03
2.197000000000000000e+03
2.242000000000000000e+03
2.256000000000000000e+03
2.268000000000000000e+03
2.271000000000000000e+03
2.312000000000000000e+03
2.321000000000000000e+03
2.347000000000000000e+03
2.378000000000000000e+03
2.387000000000000000e+03
2.414000000000000000e+03
2.452000000000000000e+03
2.453000000000000000e+03
2.508000000000000000e+03
2.548000000000000000e+03
2.549000000000000000e+03
2.555000000000000000e+03
2.565000000000000000e+03
2.566000000000000000e+03
2.582000000000000000e+03
2.618000000000000000e+03
2.627000000000000000e+03
2.638000000000000000e+03
6.884000000000000000e+03
6.907000000000000000e+03
6.979000000000000000e+03
7.009000000000000000e+03
7.032000000000000000e+03
7.041000000000000000e+03
7.069000000000000000e+03
7.070000000000000000e+03
7.071000000000000000e+03
7.101000000000000000e+03
7.122000000000000000e+03
7.123000000000000000e+03
7.150000000000000000e+03
7.190000000000000000e+03
7.191000000000000000e+03
7.192000000000000000e+03
7.199000000000000000e+03
7.261000000000000000e+03
7.269000000000000000e+03
7.340000000000000000e+03
7.350000000000000000e+03
7.367000000000000000e+03
7.368000000000000000e+03
7.395000000000000000e+03
7.435000000000000000e+03
7.511000000000000000e+03
7.512000000000000000e+03
7.513000000000000000e+03
7.550000000000000000e+03
2.500000000000000000e+03
2.538000000000000000e+03
2.554000000000000000e+03
2.573000000000000000e+03
2.592000000000000000e+03
2.617000000000000000e+03
2.647000000000000000e+03
2.650000000000000000e+03
2.667000000000000000e+03
2.672000000000000000e+03
2.706000000000000000e+03
2.715000000000000000e+03
2.734000000000000000e+03
2.756000000000000000e+03
2.757000000000000000e+03
2.777000000000000000e+03
2.792000000000000000e+03
2.800000000000000000e+03
2.811000000000000000e+03
2.866000000000000000e+03
2.915000000000000000e+03
2.932000000000000000e+03
2.933000000000000000e+03
2.969000000000000000e+03
3.018000000000000000e+03
3.024000000000000000e+03
3.057000000000000000e+03
3.058000000000000000e+03
3.099000000000000000e+03
3.100000000000000000e+03
3.101000000000000000e+03
3.102000000000000000e+03
5.595000000000000000e+03
5.618000000000000000e+03
5.657000000000000000e+03
5.658000000000000000e+03
5.659000000000000000e+03
5.707000000000000000e+03
5.720000000000000000e+03
5.726000000000000000e+03
5.819000000000000000e+03
5.832000000000000000e+03
5.844000000000000000e+03
5.871000000000000000e+03
5.894000000000000000e+03
5.904000000000000000e+03
5.909000000000000000e+03
5.925000000000000000e+03
5.937000000000000000e+03
5.964000000000000000e+03
5.973000000000000000e+03
5.982000000000000000e+03
5.997000000000000000e+03
6.006000000000000000e+03
6.075000000000000000e+03
6.097000000000000000e+03
6.108000000000000000e+03
6.174000000000000000e+03
6.190000000000000000e+03
4.711000000000000000e+03
4.712000000000000000e+03
4.791000000000000000e+03
4.843000000000000000e+03
4.844000000000000000e+03
4.860000000000000000e+03
4.872000000000000000e+03
4.873000000000000000e+03
4.907000000000000000e+03
4.919000000000000000e+03
4.945000000000000000e+03
4.946000000000000000e+03
4.993000000000000000e+03
5.012000000000000000e+03
5.036000000000000000e+03
5.037000000000000000e+03
5.066000000000000000e+03
5.089000000000000000e+03
5.096000000000000000e+03
5.108000000000000000e+03
5.127000000000000000e+03
5.146000000000000000e+03
5.211000000000000000e+03
5.218000000000000000e+03
5.226000000000000000e+03
5.235000000000000000e+03
5.274000000000000000e+03
5.342000000000000000e+03
2.992000000000000000e+03
3.069000000000000000e+03
3.091000000000000000e+03
3.168000000000000000e+03
3.169000000000000000e+03
3.181000000000000000e+03
3.213000000000000000e+03
3.221000000000000000e+03
3.287000000000000000e+03
3.331000000000000000e+03
3.343000000000000000e+03
3.359000000000000000e+03
3.360000000000000000e+03
3.370000000000000000e+03
3.388000000000000000e+03
3.396000000000000000e+03
3.415000000000000000e+03
3.416000000000000000e+03
3.481000000000000000e+03
3.489000000000000000e+03
3.498000000000000000e+03
3.504000000000000000e+03
3.564000000000000000e+03
3.586000000000000000e+03
3.593000000000000000e+03
2.107000000000000000e+03
2.160000000000000000e+03
2.211000000000000000e+03
2.254000000000000000e+03
2.255000000000000000e+03
2.267000000000000000e+03
2.277000000000000000e+03
2.278000000000000000e+03
2.292000000000000000e+03
2.293000000000000000e+03
2.320000000000000000e+03
2.346000000000000000e+03
2.386000000000000000e+03
2.444000000000000000e+03
2.445000000000000000e+03
2.446000000000000000e+03
2.472000000000000000e+03
2.483000000000000000e+03
2.513000000000000000e+03
2.514000000000000000e+03
2.581000000000000000e+03
2.590000000000000000e+03
2.591000000000000000e+03
2.646000000000000000e+03
2.666000000000000000e+03
2.693000000000000000e+03
2.705000000000000000e+03
3.840000000000000000e+02
3.980000000000000000e+02
4.620000000000000000e+02
4.710000000000000000e+02
4.790000000000000000e+02
4.800000000000000000e+02
5.220000000000000000e+02
5.410000000000000000e+02
5.830000000000000000e+02
5.950000000000000000e+02
6.260000000000000000e+02
6.630000000000000000e+02
6.710000000000000000e+02
6.970000000000000000e+02
6.980000000000000000e+02
7.140000000000000000e+02
7.390000000000000000e+02
7.630000000000000000e+02
7.780000000000000000e+02
7.790000000000000000e+02
7.940000000000000000e+02
7.950000000000000000e+02
8.040000000000000000e+02
8.370000000000000000e+02
8.640000000000000000e+02
8.650000000000000000e+02
8.860000000000000000e+02
8.870000000000000000e+02
8.950000000000000000e+02
9.060000000000000000e+02
9.150000000000000000e+02
7.767000000000000000e+03
7.780000000000000000e+03
7.827000000000000000e+03
7.863000000000000000e+03
7.873000000000000000e+03
7.919000000000000000e+03
7.998000000000000000e+03
8.015000000000000000e+03
8.034000000000000000e+03
8.048000000000000000e+03
8.060000000000000000e+03
8.061000000000000000e+03
8.085000000000000000e+03
8.112000000000000000e+03
8.113000000000000000e+03
8.132000000000000000e+03
8.167000000000000000e+03
8.174000000000000000e+03
8.177000000000000000e+03
8.178000000000000000e+03
8.191000000000000000e+03
8.200000000000000000e+03
8.220000000000000000e+03
8.221000000000000000e+03
8.250000000000000000e+03
8.282000000000000000e+03
8.283000000000000000e+03
8.303000000000000000e+03
8.336000000000000000e+03
8.354000000000000000e+03
2.451000000000000000e+03
2.499000000000000000e+03
2.535000000000000000e+03
2.536000000000000000e+03
2.563000000000000000e+03
2.607000000000000000e+03
2.643000000000000000e+03
2.671000000000000000e+03
2.703000000000000000e+03
2.704000000000000000e+03
2.714000000000000000e+03
2.733000000000000000e+03
2.769000000000000000e+03
2.783000000000000000e+03
2.830000000000000000e+03
2.831000000000000000e+03
2.874000000000000000e+03
2.875000000000000000e+03
2.892000000000000000e+03
2.909000000000000000e+03
2.914000000000000000e+03
2.925000000000000000e+03
2.957000000000000000e+03
2.958000000000000000e+03
3.016000000000000000e+03
3.033000000000000000e+03
3.083000000000000000e+03
3.098000000000000000e+03
3.154000000000000000e+03
7.377000000000000000e+03
7.451000000000000000e+03
7.485000000000000000e+03
7.498000000000000000e+03
7.525000000000000000e+03
7.533000000000000000e+03
7.590000000000000000e+03
7.596000000000000000e+03
7.658000000000000000e+03
7.662000000000000000e+03
7.671000000000000000e+03
7.672000000000000000e+03
7.707000000000000000e+03
7.714000000000000000e+03
7.736000000000000000e+03
7.743000000000000000e+03
7.746000000000000000e+03
7.747000000000000000e+03
7.790000000000000000e+03
7.808000000000000000e+03
7.837000000000000000e+03
7.858000000000000000e+03
7.935000000000000000e+03
7.952000000000000000e+03
3.917000000000000000e+03
3.925000000000000000e+03
3.940000000000000000e+03
3.968000000000000000e+03
3.978000000000000000e+03
3.989000000000000000e+03
3.999000000000000000e+03
4.032000000000000000e+03
4.085000000000000000e+03
4.107000000000000000e+03
4.127000000000000000e+03
4.134000000000000000e+03
4.144000000000000000e+03
4.176000000000000000e+03
4.177000000000000000e+03
4.183000000000000000e+03
4.221000000000000000e+03
4.222000000000000000e+03
4.240000000000000000e+03
4.294000000000000000e+03
4.295000000000000000e+03
4.316000000000000000e+03
4.317000000000000000e+03
4.327000000000000000e+03
4.381000000000000000e+03
4.382000000000000000e+03
4.401000000000000000e+03
4.417000000000000000e+03
4.431000000000000000e+03
2.913000000000000000e+03
2.930000000000000000e+03
2.991000000000000000e+03
3.005000000000000000e+03
3.015000000000000000e+03
3.032000000000000000e+03
3.081000000000000000e+03
3.126000000000000000e+03
3.127000000000000000e+03
3.166000000000000000e+03
3.167000000000000000e+03
3.220000000000000000e+03
3.227000000000000000e+03
3.286000000000000000e+03
3.292000000000000000e+03
3.293000000000000000e+03
3.314000000000000000e+03
3.380000000000000000e+03
3.394000000000000000e+03
3.400000000000000000e+03
3.426000000000000000e+03
3.473000000000000000e+03
3.497000000000000000e+03
3.573000000000000000e+03
2.126000000000000000e+03
2.159000000000000000e+03
2.178000000000000000e+03
2.189000000000000000e+03
2.208000000000000000e+03
2.222000000000000000e+03
2.239000000000000000e+03
2.252000000000000000e+03
2.265000000000000000e+03
2.288000000000000000e+03
2.289000000000000000e+03
2.290000000000000000e+03
2.309000000000000000e+03
2.318000000000000000e+03
2.338000000000000000e+03
2.339000000000000000e+03
2.345000000000000000e+03
2.367000000000000000e+03
2.373000000000000000e+03
2.374000000000000000e+03
2.385000000000000000e+03
2.402000000000000000e+03
2.433000000000000000e+03
2.450000000000000000e+03
2.506000000000000000e+03
2.507000000000000000e+03
2.512000000000000000e+03
2.606000000000000000e+03
2.626000000000000000e+03
3.830000000000000000e+02
4.380000000000000000e+02
4.500000000000000000e+02
4.860000000000000000e+02
4.870000000000000000e+02
4.930000000000000000e+02
5.290000000000000000e+02
5.540000000000000000e+02
5.630000000000000000e+02
5.640000000000000000e+02
5.810000000000000000e+02
5.820000000000000000e+02
6.000000000000000000e+02
6.510000000000000000e+02
6.690000000000000000e+02
7.030000000000000000e+02
7.380000000000000000e+02
7.540000000000000000e+02
7.760000000000000000e+02
7.910000000000000000e+02
8.350000000000000000e+02
9.030000000000000000e+02
9.040000000000000000e+02
9.320000000000000000e+02
1.005000000000000000e+03
8.593000000000000000e+03
8.594000000000000000e+03
8.612000000000000000e+03
8.638000000000000000e+03
8.639000000000000000e+03
8.667000000000000000e+03
8.674000000000000000e+03
8.726000000000000000e+03
8.746000000000000000e+03
8.760000000000000000e+03
8.774000000000000000e+03
8.775000000000000000e+03
8.805000000000000000e+03
8.806000000000000000e+03
8.811000000000000000e+03
8.823000000000000000e+03
8.846000000000000000e+03
8.847000000000000000e+03
8.854000000000000000e+03
8.931000000000000000e+03
8.938000000000000000e+03
8.979000000000000000e+03
8.993000000000000000e+03
9.003000000000000000e+03
9.026000000000000000e+03
9.027000000000000000e+03
9.044000000000000000e+03
9.045000000000000000e+03
7.806000000000000000e+03
7.815000000000000000e+03
7.857000000000000000e+03
7.881000000000000000e+03
7.891000000000000000e+03
7.902000000000000000e+03
7.951000000000000000e+03
7.983000000000000000e+03
7.991000000000000000e+03
7.992000000000000000e+03
8.026000000000000000e+03
8.033000000000000000e+03
8.045000000000000000e+03
8.057000000000000000e+03
8.058000000000000000e+03
8.059000000000000000e+03
8.084000000000000000e+03
8.131000000000000000e+03
8.145000000000000000e+03
8.146000000000000000e+03
8.154000000000000000e+03
8.166000000000000000e+03
8.173000000000000000e+03
8.184000000000000000e+03
8.199000000000000000e+03
8.233000000000000000e+03
8.261000000000000000e+03
8.273000000000000000e+03
8.274000000000000000e+03
8.292000000000000000e+03
8.302000000000000000e+03
8.360000000000000000e+03
8.366000000000000000e+03
6.043000000000000000e+03
6.095000000000000000e+03
6.096000000000000000e+03
6.139000000000000000e+03
6.152000000000000000e+03
6.172000000000000000e+03
6.239000000000000000e+03
6.245000000000000000e+03
6.256000000000000000e+03
6.284000000000000000e+03
6.312000000000000000e+03
6.320000000000000000e+03
6.350000000000000000e+03
6.389000000000000000e+03
6.413000000000000000e+03
6.429000000000000000e+03
6.445000000000000000e+03
6.456000000000000000e+03
6.517000000000000000e+03
6.525000000000000000e+03
6.526000000000000000e+03
6.562000000000000000e+03
6.625000000000000000e+03
3.853000000000000000e+03
3.864000000000000000e+03
3.914000000000000000e+03
3.938000000000000000e+03
4.021000000000000000e+03
4.051000000000000000e+03
4.160000000000000000e+03
3.473000000000000000e+03
3.497000000000000000e+03
3.573000000000000000e+03
3.613000000000000000e+03
3.619000000000000000e+03
3.664000000000000000e+03
3.680000000000000000e+03
3.714000000000000000e+03
3.792000000000000000e+03
2.463000000000000000e+03
2.535000000000000000e+03
2.607000000000000000e+03
2.642000000000000000e+03
2.643000000000000000e+03
2.649000000000000000e+03
2.671000000000000000e+03
2.685000000000000000e+03
2.692000000000000000e+03
2.703000000000000000e+03
2.704000000000000000e+03
2.783000000000000000e+03
2.830000000000000000e+03
7.058000000000000000e+03
7.069000000000000000e+03
7.100000000000000000e+03
7.122000000000000000e+03
7.190000000000000000e+03
7.191000000000000000e+03
7.199000000000000000e+03
7.250000000000000000e+03
7.340000000000000000e+03
7.366000000000000000e+03
8.774000000000000000e+03
8.775000000000000000e+03
8.811000000000000000e+03
8.823000000000000000e+03
8.846000000000000000e+03
8.847000000000000000e+03
8.854000000000000000e+03
8.938000000000000000e+03
8.979000000000000000e+03
8.993000000000000000e+03
9.026000000000000000e+03
9.027000000000000000e+03
9.044000000000000000e+03
5.737000000000000000e+03
5.770000000000000000e+03
5.781000000000000000e+03
5.821000000000000000e+03
5.822000000000000000e+03
5.860000000000000000e+03
5.951000000000000000e+03
5.967000000000000000e+03
6.001000000000000000e+03
6.033000000000000000e+03
5.603000000000000000e+03
5.664000000000000000e+03
5.665000000000000000e+03
5.747000000000000000e+03
5.770000000000000000e+03
5.821000000000000000e+03
5.859000000000000000e+03
5.913000000000000000e+03
7.731000000000000000e+03
7.909000000000000000e+03
7.939000000000000000e+03
7.972000000000000000e+03
8.040000000000000000e+03
8.064000000000000000e+03
5.100000000000000000e+03
5.142000000000000000e+03
5.171000000000000000e+03
5.299000000000000000e+03
5.372000000000000000e+03
5.401000000000000000e+03
4.057000000000000000e+03
4.119000000000000000e+03
4.128000000000000000e+03
4.257000000000000000e+03
4.262000000000000000e+03
4.374000000000000000e+03
