8.722000000000000000e+03
8.810000000000000000e+03
8.896000000000000000e+03
8.926000000000000000e+03
8.967000000000000000e+03
9.020000000000000000e+03
9.412000000000000000e+03
9.413000000000000000e+03
9.435000000000000000e+03
9.553000000000000000e+03
9.579000000000000000e+03
9.595000000000000000e+03
9.660000000000000000e+03
9.720000000000000000e+03
9.751000000000000000e+03
9.857000000000000000e+03
9.889000000000000000e+03
9.689000000000000000e+03
9.730000000000000000e+03
9.871000000000000000e+03
9.950000000000000000e+03
1.004500000000000000e+04
1.006800000000000000e+04
1.015400000000000000e+04
1.016800000000000000e+04
1.024000000000000000e+04
1.033300000000000000e+04
1.039100000000000000e+04
1.039200000000000000e+04
1.052500000000000000e+04
1.059400000000000000e+04
1.083400000000000000e+04
1.178900000000000000e+04
1.186300000000000000e+04
1.203600000000000000e+04
1.205200000000000000e+04
1.214900000000000000e+04
1.215000000000000000e+04
1.082400000000000000e+04
1.100600000000000000e+04
1.111800000000000000e+04
1.114800000000000000e+04
1.130900000000000000e+04
1.140700000000000000e+04
1.144400000000000000e+04
9.515000000000000000e+03
9.516000000000000000e+03
9.619000000000000000e+03
9.808000000000000000e+03
9.826000000000000000e+03
9.827000000000000000e+03
9.877000000000000000e+03
9.938000000000000000e+03
1.793000000000000000e+03
1.843000000000000000e+03
1.860000000000000000e+03
1.935000000000000000e+03
1.981000000000000000e+03
2.045000000000000000e+03
2.201000000000000000e+03
2.238000000000000000e+03
2.282000000000000000e+03
2.672000000000000000e+03
2.710000000000000000e+03
2.759000000000000000e+03
2.942000000000000000e+03
3.132000000000000000e+03
3.146000000000000000e+03
3.224000000000000000e+03
5.617000000000000000e+03
5.688000000000000000e+03
5.776000000000000000e+03
5.866000000000000000e+03
5.867000000000000000e+03
5.999000000000000000e+03
7.790000000000000000e+02
9.390000000000000000e+02
1.230000000000000000e+03
1.283000000000000000e+03
1.203000000000000000e+03
1.311000000000000000e+03
1.371000000000000000e+03
1.481000000000000000e+03
1.581000000000000000e+03
1.734000000000000000e+03
1.778000000000000000e+03
1.835000000000000000e+03
2.495000000000000000e+04
2.511400000000000000e+04
2.522500000000000000e+04
2.524200000000000000e+04
2.531700000000000000e+04
2.535900000000000000e+04
2.538100000000000000e+04
2.553600000000000000e+04
1.097900000000000000e+04
1.138100000000000000e+04
1.138200000000000000e+04
1.140000000000000000e+04
1.167000000000000000e+04
