2.225100000000000000e+04
2.233000000000000000e+04
2.234700000000000000e+04
2.241200000000000000e+04
2.243800000000000000e+04
2.245300000000000000e+04
2.246500000000000000e+04
2.247800000000000000e+04
2.249800000000000000e+04
2.255100000000000000e+04
2.256600000000000000e+04
2.259600000000000000e+04
2.263300000000000000e+04
2.270500000000000000e+04
2.276200000000000000e+04
2.281100000000000000e+04
2.282500000000000000e+04
2.288100000000000000e+04
2.295800000000000000e+04
2.301800000000000000e+04
2.042800000000000000e+04
2.048100000000000000e+04
2.055900000000000000e+04
2.056000000000000000e+04
2.061600000000000000e+04
2.063400000000000000e+04
2.063500000000000000e+04
2.070100000000000000e+04
2.071200000000000000e+04
2.072800000000000000e+04
2.078100000000000000e+04
2.082900000000000000e+04
2.083000000000000000e+04
2.090600000000000000e+04
2.096600000000000000e+04
2.102400000000000000e+04
2.110100000000000000e+04
2.110200000000000000e+04
2.115200000000000000e+04
2.125900000000000000e+04
2.130400000000000000e+04
2.130500000000000000e+04
2.136800000000000000e+04
2.153400000000000000e+04
2.158100000000000000e+04
2.600300000000000000e+04
2.605700000000000000e+04
2.615900000000000000e+04
2.619200000000000000e+04
2.623000000000000000e+04
2.625700000000000000e+04
2.636000000000000000e+04
2.639000000000000000e+04
2.639900000000000000e+04
2.641700000000000000e+04
2.643000000000000000e+04
2.648000000000000000e+04
2.658800000000000000e+04
2.663100000000000000e+04
2.663200000000000000e+04
2.665000000000000000e+04
2.667300000000000000e+04
2.679200000000000000e+04
2.681100000000000000e+04
2.684500000000000000e+04
2.688200000000000000e+04
2.690200000000000000e+04
2.707600000000000000e+04
1.641200000000000000e+04
1.642600000000000000e+04
1.647100000000000000e+04
1.652000000000000000e+04
1.659500000000000000e+04
1.671100000000000000e+04
1.671200000000000000e+04
1.676500000000000000e+04
1.682500000000000000e+04
1.682600000000000000e+04
1.686600000000000000e+04
1.688000000000000000e+04
1.690000000000000000e+04
1.691700000000000000e+04
1.696700000000000000e+04
1.701000000000000000e+04
1.704800000000000000e+04
1.706300000000000000e+04
1.719200000000000000e+04
1.736400000000000000e+04
1.742100000000000000e+04
1.746100000000000000e+04
1.750300000000000000e+04
1.729900000000000000e+04
1.738600000000000000e+04
1.747400000000000000e+04
1.753000000000000000e+04
1.767900000000000000e+04
1.771200000000000000e+04
1.771300000000000000e+04
1.776400000000000000e+04
1.782600000000000000e+04
1.790000000000000000e+04
1.794000000000000000e+04
1.795500000000000000e+04
1.795600000000000000e+04
1.797600000000000000e+04
1.813900000000000000e+04
1.820500000000000000e+04
1.821900000000000000e+04
1.825300000000000000e+04
2.449400000000000000e+04
2.453800000000000000e+04
2.457400000000000000e+04
2.459900000000000000e+04
2.461900000000000000e+04
2.467100000000000000e+04
2.468700000000000000e+04
2.472100000000000000e+04
2.476700000000000000e+04
2.483400000000000000e+04
2.483500000000000000e+04
2.488000000000000000e+04
2.494500000000000000e+04
2.494600000000000000e+04
2.497600000000000000e+04
2.504300000000000000e+04
2.505700000000000000e+04
2.509700000000000000e+04
2.516300000000000000e+04
2.517500000000000000e+04
2.522300000000000000e+04
2.523600000000000000e+04
2.523700000000000000e+04
2.523800000000000000e+04
2.525700000000000000e+04
2.534000000000000000e+04
2.537600000000000000e+04
2.537700000000000000e+04
2.537800000000000000e+04
2.544100000000000000e+04
2.821200000000000000e+04
2.826800000000000000e+04
2.831700000000000000e+04
2.831800000000000000e+04
2.835600000000000000e+04
2.842100000000000000e+04
2.844100000000000000e+04
2.844200000000000000e+04
2.851700000000000000e+04
2.860700000000000000e+04
2.860800000000000000e+04
2.863300000000000000e+04
2.869600000000000000e+04
2.877600000000000000e+04
2.882500000000000000e+04
2.886800000000000000e+04
2.888600000000000000e+04
2.891200000000000000e+04
2.891300000000000000e+04
2.893100000000000000e+04
2.900300000000000000e+04
2.901700000000000000e+04
2.905700000000000000e+04
2.916500000000000000e+04
2.916600000000000000e+04
2.923900000000000000e+04
1.719100000000000000e+04
1.729600000000000000e+04
1.729700000000000000e+04
1.729800000000000000e+04
1.740500000000000000e+04
1.750100000000000000e+04
1.751400000000000000e+04
1.756500000000000000e+04
1.756600000000000000e+04
1.761200000000000000e+04
1.767800000000000000e+04
1.773000000000000000e+04
1.773100000000000000e+04
1.775000000000000000e+04
1.778100000000000000e+04
1.781000000000000000e+04
1.784900000000000000e+04
1.788300000000000000e+04
1.800800000000000000e+04
1.804900000000000000e+04
1.805000000000000000e+04
1.820200000000000000e+04
1.820300000000000000e+04
1.821700000000000000e+04
1.826800000000000000e+04
1.833500000000000000e+04
1.388300000000000000e+04
1.391200000000000000e+04
1.394600000000000000e+04
1.401100000000000000e+04
1.405700000000000000e+04
1.429000000000000000e+04
1.430400000000000000e+04
1.436600000000000000e+04
1.436700000000000000e+04
1.440600000000000000e+04
1.442200000000000000e+04
1.442300000000000000e+04
1.454900000000000000e+04
1.461200000000000000e+04
1.461300000000000000e+04
1.463300000000000000e+04
1.467100000000000000e+04
1.472000000000000000e+04
1.484100000000000000e+04
2.592700000000000000e+04
2.600100000000000000e+04
2.611000000000000000e+04
2.627500000000000000e+04
2.627600000000000000e+04
2.628900000000000000e+04
2.638800000000000000e+04
2.649100000000000000e+04
2.650900000000000000e+04
2.666800000000000000e+04
2.666900000000000000e+04
2.667000000000000000e+04
2.670100000000000000e+04
2.676300000000000000e+04
2.686300000000000000e+04
2.686400000000000000e+04
2.686500000000000000e+04
2.690000000000000000e+04
2.697800000000000000e+04
2.701300000000000000e+04
2.703300000000000000e+04
2.704700000000000000e+04
3.456500000000000000e+04
3.462200000000000000e+04
3.465500000000000000e+04
3.466900000000000000e+04
3.472100000000000000e+04
3.476000000000000000e+04
3.480300000000000000e+04
3.483300000000000000e+04
3.485200000000000000e+04
3.489100000000000000e+04
3.490900000000000000e+04
3.493500000000000000e+04
3.495900000000000000e+04
3.497500000000000000e+04
3.503300000000000000e+04
3.504100000000000000e+04
3.505500000000000000e+04
3.508000000000000000e+04
3.511100000000000000e+04
3.512000000000000000e+04
3.514300000000000000e+04
3.518200000000000000e+04
3.518300000000000000e+04
3.520300000000000000e+04
3.527000000000000000e+04
3.527100000000000000e+04
3.217400000000000000e+04
3.222600000000000000e+04
3.226200000000000000e+04
3.242200000000000000e+04
3.242300000000000000e+04
3.244600000000000000e+04
3.252800000000000000e+04
3.257300000000000000e+04
3.257400000000000000e+04
3.260300000000000000e+04
3.261200000000000000e+04
3.261300000000000000e+04
3.262500000000000000e+04
3.268100000000000000e+04
3.278900000000000000e+04
3.281400000000000000e+04
3.286400000000000000e+04
3.291200000000000000e+04
3.291300000000000000e+04
3.292700000000000000e+04
3.301300000000000000e+04
3.305700000000000000e+04
3.312200000000000000e+04
2.968700000000000000e+04
2.990100000000000000e+04
2.990200000000000000e+04
2.991400000000000000e+04
2.996100000000000000e+04
2.998500000000000000e+04
2.998600000000000000e+04
3.010400000000000000e+04
3.010500000000000000e+04
3.022300000000000000e+04
3.022400000000000000e+04
3.024900000000000000e+04
3.025900000000000000e+04
3.026000000000000000e+04
3.030100000000000000e+04
3.035200000000000000e+04
3.035300000000000000e+04
3.037300000000000000e+04
3.041700000000000000e+04
3.041800000000000000e+04
3.054800000000000000e+04
1.565600000000000000e+04
1.574000000000000000e+04
1.575800000000000000e+04
1.592400000000000000e+04
1.595600000000000000e+04
1.599400000000000000e+04
1.603800000000000000e+04
1.606100000000000000e+04
1.608000000000000000e+04
1.614600000000000000e+04
1.619200000000000000e+04
1.624300000000000000e+04
1.626100000000000000e+04
1.630700000000000000e+04
1.640800000000000000e+04
1.640900000000000000e+04
1.653700000000000000e+04
3.505400000000000000e+04
3.506600000000000000e+04
3.506700000000000000e+04
3.506800000000000000e+04
3.518100000000000000e+04
3.522800000000000000e+04
3.524500000000000000e+04
3.529800000000000000e+04
3.534600000000000000e+04
3.537800000000000000e+04
3.546200000000000000e+04
3.546300000000000000e+04
3.548200000000000000e+04
3.549600000000000000e+04
3.552200000000000000e+04
3.557100000000000000e+04
3.557200000000000000e+04
3.557300000000000000e+04
3.558700000000000000e+04
3.561000000000000000e+04
3.563000000000000000e+04
3.564200000000000000e+04
3.565400000000000000e+04
3.565500000000000000e+04
3.572500000000000000e+04
3.583300000000000000e+04
3.583400000000000000e+04
3.405700000000000000e+04
3.411100000000000000e+04
3.419500000000000000e+04
3.425600000000000000e+04
3.426700000000000000e+04
3.428600000000000000e+04
3.428700000000000000e+04
3.429800000000000000e+04
3.430400000000000000e+04
3.431400000000000000e+04
3.431500000000000000e+04
3.431600000000000000e+04
3.439000000000000000e+04
3.441800000000000000e+04
3.446300000000000000e+04
3.452000000000000000e+04
3.453400000000000000e+04
3.457900000000000000e+04
3.458700000000000000e+04
3.458800000000000000e+04
3.462000000000000000e+04
3.463000000000000000e+04
3.464000000000000000e+04
3.470800000000000000e+04
3.473800000000000000e+04
3.475200000000000000e+04
3.033900000000000000e+04
3.035100000000000000e+04
3.045500000000000000e+04
3.047100000000000000e+04
3.052100000000000000e+04
3.052200000000000000e+04
3.054500000000000000e+04
3.062200000000000000e+04
3.062300000000000000e+04
3.062400000000000000e+04
3.065700000000000000e+04
3.068900000000000000e+04
3.070000000000000000e+04
3.080400000000000000e+04
3.081200000000000000e+04
3.090400000000000000e+04
3.096800000000000000e+04
3.098500000000000000e+04
3.099600000000000000e+04
3.099700000000000000e+04
3.101900000000000000e+04
3.105500000000000000e+04
3.111300000000000000e+04
3.117000000000000000e+04
3.122700000000000000e+04
3.124000000000000000e+04
2.907800000000000000e+04
2.908800000000000000e+04
2.910100000000000000e+04
2.912900000000000000e+04
2.916400000000000000e+04
2.923800000000000000e+04
2.926000000000000000e+04
2.927600000000000000e+04
2.928000000000000000e+04
2.934100000000000000e+04
2.935400000000000000e+04
2.940000000000000000e+04
2.944700000000000000e+04
2.945900000000000000e+04
2.950200000000000000e+04
2.956400000000000000e+04
2.956500000000000000e+04
2.964000000000000000e+04
2.970000000000000000e+04
2.970100000000000000e+04
2.971100000000000000e+04
2.972500000000000000e+04
2.972600000000000000e+04
2.974800000000000000e+04
2.980500000000000000e+04
2.981900000000000000e+04
2.983500000000000000e+04
2.291700000000000000e+04
2.293100000000000000e+04
2.301600000000000000e+04
2.311000000000000000e+04
2.314200000000000000e+04
2.321800000000000000e+04
2.321900000000000000e+04
2.324300000000000000e+04
2.331600000000000000e+04
2.336900000000000000e+04
2.344600000000000000e+04
2.350300000000000000e+04
2.350400000000000000e+04
2.350500000000000000e+04
2.353400000000000000e+04
2.358800000000000000e+04
2.365800000000000000e+04
2.366600000000000000e+04
2.368300000000000000e+04
2.377200000000000000e+04
2.385600000000000000e+04
2.386900000000000000e+04
2.391100000000000000e+04
1.473700000000000000e+04
1.479900000000000000e+04
1.482300000000000000e+04
1.491100000000000000e+04
1.499700000000000000e+04
1.499800000000000000e+04
1.501400000000000000e+04
1.506500000000000000e+04
1.506600000000000000e+04
1.512300000000000000e+04
1.519700000000000000e+04
1.525900000000000000e+04
1.539400000000000000e+04
1.544700000000000000e+04
1.553800000000000000e+04
1.559100000000000000e+04
1.559200000000000000e+04
1.565500000000000000e+04
1.575600000000000000e+04
1.589300000000000000e+04
1.593900000000000000e+04
3.564100000000000000e+04
3.566800000000000000e+04
3.574500000000000000e+04
3.578200000000000000e+04
3.580800000000000000e+04
3.581900000000000000e+04
3.585400000000000000e+04
3.585500000000000000e+04
3.585600000000000000e+04
3.589300000000000000e+04
3.591900000000000000e+04
3.592000000000000000e+04
3.595400000000000000e+04
3.599900000000000000e+04
3.600000000000000000e+04
3.600100000000000000e+04
3.600800000000000000e+04
3.607600000000000000e+04
3.608600000000000000e+04
3.617000000000000000e+04
3.618100000000000000e+04
3.619900000000000000e+04
3.620000000000000000e+04
3.623100000000000000e+04
3.627700000000000000e+04
3.636400000000000000e+04
3.636500000000000000e+04
3.636600000000000000e+04
3.641000000000000000e+04
2.962800000000000000e+04
2.968600000000000000e+04
2.971000000000000000e+04
2.973600000000000000e+04
2.976600000000000000e+04
2.980400000000000000e+04
2.984900000000000000e+04
2.985700000000000000e+04
2.987800000000000000e+04
2.989000000000000000e+04
2.994600000000000000e+04
2.996000000000000000e+04
2.998300000000000000e+04
3.001500000000000000e+04
3.001600000000000000e+04
3.004500000000000000e+04
3.006700000000000000e+04
3.007900000000000000e+04
3.009600000000000000e+04
3.018400000000000000e+04
3.025600000000000000e+04
3.028500000000000000e+04
3.028600000000000000e+04
3.033800000000000000e+04
3.041600000000000000e+04
3.043000000000000000e+04
3.048300000000000000e+04
3.048400000000000000e+04
3.054100000000000000e+04
3.054200000000000000e+04
3.054300000000000000e+04
3.054400000000000000e+04
1.713900000000000000e+04
1.722300000000000000e+04
1.725300000000000000e+04
1.727300000000000000e+04
1.727400000000000000e+04
1.738200000000000000e+04
1.749700000000000000e+04
1.758100000000000000e+04
1.761000000000000000e+04
1.762500000000000000e+04
1.767700000000000000e+04
1.772500000000000000e+04
1.780700000000000000e+04
1.786300000000000000e+04
1.789600000000000000e+04
1.791700000000000000e+04
1.799100000000000000e+04
1.813400000000000000e+04
1.826600000000000000e+04
1.838600000000000000e+04
8.722000000000000000e+03
8.810000000000000000e+03
8.896000000000000000e+03
8.926000000000000000e+03
8.967000000000000000e+03
9.020000000000000000e+03
9.412000000000000000e+03
9.413000000000000000e+03
9.435000000000000000e+03
9.553000000000000000e+03
9.579000000000000000e+03
9.595000000000000000e+03
9.660000000000000000e+03
9.720000000000000000e+03
9.751000000000000000e+03
9.857000000000000000e+03
9.889000000000000000e+03
3.402100000000000000e+04
3.404900000000000000e+04
3.410700000000000000e+04
3.410800000000000000e+04
3.410900000000000000e+04
3.417400000000000000e+04
3.419400000000000000e+04
3.420400000000000000e+04
3.432400000000000000e+04
3.434100000000000000e+04
3.435600000000000000e+04
3.438800000000000000e+04
3.441600000000000000e+04
3.442800000000000000e+04
3.443600000000000000e+04
3.446000000000000000e+04
3.447400000000000000e+04
3.450900000000000000e+04
3.451900000000000000e+04
3.453300000000000000e+04
3.455200000000000000e+04
3.456400000000000000e+04
3.465400000000000000e+04
3.468100000000000000e+04
3.469400000000000000e+04
3.478100000000000000e+04
3.480100000000000000e+04
3.282800000000000000e+04
3.282900000000000000e+04
3.294100000000000000e+04
3.301100000000000000e+04
3.301200000000000000e+04
3.303100000000000000e+04
3.304600000000000000e+04
3.304700000000000000e+04
3.309300000000000000e+04
3.310700000000000000e+04
3.314700000000000000e+04
3.314800000000000000e+04
3.320500000000000000e+04
3.322900000000000000e+04
3.326200000000000000e+04
3.326300000000000000e+04
3.330300000000000000e+04
3.333100000000000000e+04
3.334100000000000000e+04
3.336300000000000000e+04
3.339000000000000000e+04
3.342500000000000000e+04
3.351300000000000000e+04
3.352300000000000000e+04
3.353100000000000000e+04
3.354400000000000000e+04
3.359900000000000000e+04
3.369300000000000000e+04
3.037200000000000000e+04
3.050000000000000000e+04
3.053000000000000000e+04
3.063800000000000000e+04
3.063900000000000000e+04
3.065600000000000000e+04
3.069900000000000000e+04
3.071000000000000000e+04
3.080300000000000000e+04
3.086700000000000000e+04
3.088100000000000000e+04
3.090200000000000000e+04
3.090300000000000000e+04
3.091600000000000000e+04
3.094400000000000000e+04
3.095700000000000000e+04
3.099200000000000000e+04
3.099300000000000000e+04
3.108600000000000000e+04
3.109900000000000000e+04
3.111200000000000000e+04
3.112000000000000000e+04
3.121000000000000000e+04
3.123800000000000000e+04
3.125100000000000000e+04
2.902800000000000000e+04
2.911500000000000000e+04
2.919100000000000000e+04
2.925800000000000000e+04
2.925900000000000000e+04
2.927500000000000000e+04
2.928900000000000000e+04
2.929000000000000000e+04
2.930700000000000000e+04
2.930800000000000000e+04
2.935300000000000000e+04
2.939900000000000000e+04
2.945800000000000000e+04
2.955300000000000000e+04
2.955400000000000000e+04
2.955500000000000000e+04
2.959100000000000000e+04
2.960600000000000000e+04
2.964600000000000000e+04
2.964700000000000000e+04
2.974700000000000000e+04
2.976400000000000000e+04
2.976500000000000000e+04
2.984800000000000000e+04
2.987700000000000000e+04
2.992200000000000000e+04
2.994500000000000000e+04
2.600000000000000000e+04
2.603400000000000000e+04
2.614500000000000000e+04
2.615700000000000000e+04
2.617100000000000000e+04
2.617200000000000000e+04
2.625500000000000000e+04
2.628800000000000000e+04
2.635800000000000000e+04
2.637600000000000000e+04
2.644000000000000000e+04
2.650800000000000000e+04
2.652300000000000000e+04
2.657300000000000000e+04
2.657400000000000000e+04
2.659800000000000000e+04
2.664700000000000000e+04
2.670000000000000000e+04
2.672100000000000000e+04
2.672200000000000000e+04
2.674700000000000000e+04
2.674800000000000000e+04
2.676200000000000000e+04
2.682400000000000000e+04
2.686100000000000000e+04
2.686200000000000000e+04
2.689700000000000000e+04
2.689800000000000000e+04
2.691400000000000000e+04
2.693100000000000000e+04
2.694300000000000000e+04
1.980200000000000000e+04
1.987000000000000000e+04
2.001100000000000000e+04
2.004600000000000000e+04
2.013000000000000000e+04
2.020400000000000000e+04
2.021700000000000000e+04
2.023900000000000000e+04
2.028300000000000000e+04
2.033600000000000000e+04
2.037300000000000000e+04
2.038900000000000000e+04
2.044100000000000000e+04
2.049500000000000000e+04
2.053900000000000000e+04
2.054000000000000000e+04
2.057500000000000000e+04
2.064600000000000000e+04
2.064700000000000000e+04
2.069900000000000000e+04
2.072700000000000000e+04
2.074500000000000000e+04
2.079400000000000000e+04
2.079500000000000000e+04
2.084700000000000000e+04
1.799000000000000000e+04
1.808700000000000000e+04
1.830600000000000000e+04
1.833400000000000000e+04
1.840800000000000000e+04
1.852100000000000000e+04
1.856500000000000000e+04
1.858800000000000000e+04
1.863600000000000000e+04
1.868600000000000000e+04
1.877600000000000000e+04
1.889900000000000000e+04
1.894600000000000000e+04
1.905300000000000000e+04
1.907500000000000000e+04
1.916800000000000000e+04
1.636000000000000000e+04
1.646700000000000000e+04
1.646800000000000000e+04
1.657000000000000000e+04
1.665500000000000000e+04
1.686300000000000000e+04
1.691300000000000000e+04
1.693000000000000000e+04
1.700800000000000000e+04
1.702800000000000000e+04
1.708200000000000000e+04
1.708300000000000000e+04
1.708400000000000000e+04
1.708500000000000000e+04
1.713800000000000000e+04
1.716000000000000000e+04
1.723600000000000000e+04
1.727200000000000000e+04
1.738000000000000000e+04
1.738100000000000000e+04
1.749600000000000000e+04
9.689000000000000000e+03
9.730000000000000000e+03
9.871000000000000000e+03
9.950000000000000000e+03
1.004500000000000000e+04
1.006800000000000000e+04
1.015400000000000000e+04
1.016800000000000000e+04
1.024000000000000000e+04
1.033300000000000000e+04
1.039100000000000000e+04
1.039200000000000000e+04
1.052500000000000000e+04
1.059400000000000000e+04
1.083400000000000000e+04
3.665300000000000000e+04
3.666600000000000000e+04
3.672000000000000000e+04
3.676400000000000000e+04
3.677500000000000000e+04
3.682700000000000000e+04
3.691400000000000000e+04
3.693100000000000000e+04
3.695100000000000000e+04
3.696600000000000000e+04
3.697900000000000000e+04
3.698000000000000000e+04
3.700600000000000000e+04
3.704000000000000000e+04
3.704100000000000000e+04
3.706000000000000000e+04
3.709800000000000000e+04
3.710600000000000000e+04
3.711000000000000000e+04
3.711100000000000000e+04
3.712700000000000000e+04
3.713600000000000000e+04
3.715800000000000000e+04
3.715900000000000000e+04
3.718900000000000000e+04
3.722200000000000000e+04
3.722300000000000000e+04
3.724500000000000000e+04
3.728400000000000000e+04
3.730600000000000000e+04
2.956300000000000000e+04
2.962700000000000000e+04
2.968300000000000000e+04
2.968400000000000000e+04
2.972300000000000000e+04
2.979000000000000000e+04
2.984500000000000000e+04
2.988900000000000000e+04
2.994300000000000000e+04
2.994400000000000000e+04
2.995900000000000000e+04
2.998200000000000000e+04
3.003200000000000000e+04
3.005600000000000000e+04
3.012400000000000000e+04
3.012500000000000000e+04
3.019700000000000000e+04
3.019800000000000000e+04
3.022100000000000000e+04
3.024800000000000000e+04
3.025500000000000000e+04
3.027400000000000000e+04
3.032000000000000000e+04
3.032100000000000000e+04
3.041400000000000000e+04
3.044100000000000000e+04
3.052000000000000000e+04
3.054000000000000000e+04
3.061800000000000000e+04
2.397900000000000000e+04
2.407600000000000000e+04
2.432100000000000000e+04
2.441600000000000000e+04
2.452000000000000000e+04
2.456900000000000000e+04
2.461600000000000000e+04
2.468300000000000000e+04
2.470400000000000000e+04
2.471800000000000000e+04
2.213100000000000000e+04
2.224600000000000000e+04
2.237600000000000000e+04
2.243200000000000000e+04
2.247500000000000000e+04
2.261400000000000000e+04
2.266100000000000000e+04
2.047600000000000000e+04
2.061100000000000000e+04
2.063000000000000000e+04
2.066500000000000000e+04
2.068600000000000000e+04
2.078000000000000000e+04
2.082600000000000000e+04
2.084200000000000000e+04
2.084600000000000000e+04
2.093800000000000000e+04
2.101200000000000000e+04
2.105600000000000000e+04
2.105700000000000000e+04
2.109800000000000000e+04
2.114000000000000000e+04
2.142200000000000000e+04
2.142300000000000000e+04
2.144000000000000000e+04
2.155000000000000000e+04
2.160700000000000000e+04
2.162000000000000000e+04
2.163600000000000000e+04
2.166900000000000000e+04
1.891100000000000000e+04
1.892800000000000000e+04
1.896300000000000000e+04
1.910700000000000000e+04
1.910800000000000000e+04
1.915100000000000000e+04
1.919100000000000000e+04
1.919200000000000000e+04
1.926700000000000000e+04
1.928400000000000000e+04
1.932000000000000000e+04
1.933500000000000000e+04
1.942400000000000000e+04
1.952100000000000000e+04
1.956600000000000000e+04
1.962200000000000000e+04
1.970700000000000000e+04
1.972600000000000000e+04
1.976800000000000000e+04
1.980100000000000000e+04
1.986900000000000000e+04
1.993500000000000000e+04
1.996600000000000000e+04
1.998100000000000000e+04
1.723500000000000000e+04
1.725200000000000000e+04
1.734400000000000000e+04
1.744600000000000000e+04
1.749500000000000000e+04
1.752900000000000000e+04
1.771000000000000000e+04
1.771100000000000000e+04
1.774500000000000000e+04
1.774600000000000000e+04
1.779100000000000000e+04
1.782500000000000000e+04
1.784500000000000000e+04
1.784600000000000000e+04
1.789500000000000000e+04
1.793800000000000000e+04
1.798900000000000000e+04
1.800400000000000000e+04
1.804500000000000000e+04
1.806800000000000000e+04
1.808600000000000000e+04
1.811500000000000000e+04
1.811600000000000000e+04
1.816800000000000000e+04
1.819700000000000000e+04
1.821500000000000000e+04
1.829300000000000000e+04
1.852000000000000000e+04
1.381500000000000000e+04
1.396000000000000000e+04
1.400700000000000000e+04
1.400800000000000000e+04
1.410900000000000000e+04
1.412500000000000000e+04
1.414100000000000000e+04
1.419400000000000000e+04
1.421100000000000000e+04
1.421200000000000000e+04
1.432200000000000000e+04
1.438500000000000000e+04
1.440500000000000000e+04
1.442100000000000000e+04
1.444400000000000000e+04
1.451600000000000000e+04
1.463000000000000000e+04
1.465200000000000000e+04
1.467000000000000000e+04
1.468700000000000000e+04
1.473500000000000000e+04
1.477500000000000000e+04
1.482100000000000000e+04
1.486100000000000000e+04
1.487600000000000000e+04
1.489300000000000000e+04
1.497500000000000000e+04
1.503000000000000000e+04
1.506300000000000000e+04
1.508100000000000000e+04
1.037000000000000000e+04
1.037100000000000000e+04
1.048800000000000000e+04
1.054200000000000000e+04
1.057500000000000000e+04
1.059300000000000000e+04
1.068900000000000000e+04
1.072700000000000000e+04
1.076000000000000000e+04
1.079700000000000000e+04
1.085900000000000000e+04
1.088100000000000000e+04
1.088200000000000000e+04
1.093800000000000000e+04
1.095600000000000000e+04
1.099400000000000000e+04
1.099500000000000000e+04
1.104500000000000000e+04
1.107300000000000000e+04
1.115700000000000000e+04
1.128900000000000000e+04
1.133400000000000000e+04
1.139400000000000000e+04
1.142700000000000000e+04
1.152900000000000000e+04
1.157400000000000000e+04
1.159300000000000000e+04
1.164400000000000000e+04
3.621200000000000000e+04
3.629700000000000000e+04
3.633600000000000000e+04
3.635100000000000000e+04
3.638000000000000000e+04
3.639100000000000000e+04
3.645100000000000000e+04
3.645800000000000000e+04
3.652800000000000000e+04
3.653200000000000000e+04
3.654200000000000000e+04
3.654300000000000000e+04
3.658600000000000000e+04
3.659500000000000000e+04
3.661700000000000000e+04
3.662400000000000000e+04
3.662800000000000000e+04
3.662900000000000000e+04
3.667600000000000000e+04
3.670000000000000000e+04
3.673200000000000000e+04
3.675700000000000000e+04
3.684400000000000000e+04
3.686400000000000000e+04
3.171600000000000000e+04
3.172500000000000000e+04
3.174300000000000000e+04
3.178200000000000000e+04
3.179500000000000000e+04
3.181300000000000000e+04
3.182600000000000000e+04
3.187600000000000000e+04
3.195400000000000000e+04
3.197900000000000000e+04
3.200900000000000000e+04
3.201700000000000000e+04
3.203100000000000000e+04
3.208200000000000000e+04
3.208300000000000000e+04
3.209400000000000000e+04
3.215900000000000000e+04
3.216000000000000000e+04
3.218400000000000000e+04
3.225700000000000000e+04
3.225800000000000000e+04
3.228800000000000000e+04
3.228900000000000000e+04
3.230100000000000000e+04
3.237100000000000000e+04
3.237200000000000000e+04
3.239400000000000000e+04
3.241600000000000000e+04
3.243200000000000000e+04
3.025400000000000000e+04
3.028300000000000000e+04
3.037100000000000000e+04
3.039700000000000000e+04
3.041300000000000000e+04
3.044000000000000000e+04
3.051800000000000000e+04
3.058000000000000000e+04
3.058100000000000000e+04
3.063600000000000000e+04
3.063700000000000000e+04
3.070900000000000000e+04
3.071800000000000000e+04
3.080200000000000000e+04
3.081000000000000000e+04
3.081100000000000000e+04
3.084300000000000000e+04
3.093000000000000000e+04
3.095500000000000000e+04
3.096600000000000000e+04
3.100800000000000000e+04
3.107200000000000000e+04
3.111100000000000000e+04
3.122300000000000000e+04
2.905300000000000000e+04
2.911400000000000000e+04
2.914100000000000000e+04
2.915400000000000000e+04
2.918800000000000000e+04
2.920700000000000000e+04
2.923500000000000000e+04
2.925600000000000000e+04
2.927300000000000000e+04
2.930300000000000000e+04
2.930400000000000000e+04
2.930500000000000000e+04
2.933800000000000000e+04
2.935100000000000000e+04
2.938200000000000000e+04
2.938300000000000000e+04
2.939800000000000000e+04
2.943000000000000000e+04
2.944200000000000000e+04
2.944300000000000000e+04
2.945700000000000000e+04
2.948300000000000000e+04
2.952800000000000000e+04
2.956200000000000000e+04
2.963800000000000000e+04
2.963900000000000000e+04
2.964500000000000000e+04
2.978900000000000000e+04
2.981800000000000000e+04
2.599900000000000000e+04
2.610600000000000000e+04
2.612700000000000000e+04
2.618900000000000000e+04
2.619000000000000000e+04
2.620400000000000000e+04
2.627200000000000000e+04
2.630400000000000000e+04
2.632000000000000000e+04
2.632100000000000000e+04
2.635600000000000000e+04
2.635700000000000000e+04
2.638600000000000000e+04
2.648900000000000000e+04
2.652100000000000000e+04
2.658400000000000000e+04
2.664600000000000000e+04
2.668600000000000000e+04
2.671900000000000000e+04
2.674400000000000000e+04
2.682200000000000000e+04
2.692800000000000000e+04
2.692900000000000000e+04
2.697600000000000000e+04
2.711200000000000000e+04
2.316000000000000000e+04
2.323000000000000000e+04
2.328500000000000000e+04
2.331500000000000000e+04
2.336800000000000000e+04
2.344300000000000000e+04
2.344400000000000000e+04
2.347800000000000000e+04
2.355000000000000000e+04
2.355100000000000000e+04
2.356800000000000000e+04
2.358700000000000000e+04
2.360700000000000000e+04
2.364200000000000000e+04
2.366500000000000000e+04
2.371500000000000000e+04
2.374500000000000000e+04
2.380800000000000000e+04
2.380900000000000000e+04
2.383800000000000000e+04
2.395300000000000000e+04
2.396000000000000000e+04
2.397800000000000000e+04
1.645500000000000000e+04
1.650200000000000000e+04
1.662500000000000000e+04
1.662600000000000000e+04
1.667700000000000000e+04
1.675900000000000000e+04
1.676000000000000000e+04
1.689500000000000000e+04
1.691200000000000000e+04
1.705800000000000000e+04
1.705900000000000000e+04
1.706000000000000000e+04
1.712700000000000000e+04
1.717300000000000000e+04
1.729300000000000000e+04
1.732200000000000000e+04
1.737800000000000000e+04
1.737900000000000000e+04
1.758000000000000000e+04
1.471800000000000000e+04
1.482000000000000000e+04
1.501300000000000000e+04
1.510300000000000000e+04
1.512100000000000000e+04
1.521600000000000000e+04
1.525700000000000000e+04
1.531500000000000000e+04
1.536800000000000000e+04
1.542800000000000000e+04
1.544600000000000000e+04
1.550200000000000000e+04
1.557200000000000000e+04
1.564000000000000000e+04
1.566400000000000000e+04
1.570100000000000000e+04
1.581300000000000000e+04
1.587400000000000000e+04
1.590800000000000000e+04
1.593700000000000000e+04
1.320200000000000000e+04
1.339100000000000000e+04
1.343800000000000000e+04
1.344900000000000000e+04
1.358600000000000000e+04
1.359900000000000000e+04
1.360000000000000000e+04
1.366600000000000000e+04
1.366700000000000000e+04
1.386400000000000000e+04
1.388200000000000000e+04
1.389100000000000000e+04
1.418000000000000000e+04
3.757000000000000000e+04
3.757100000000000000e+04
3.758900000000000000e+04
3.762000000000000000e+04
3.762100000000000000e+04
3.765000000000000000e+04
3.765800000000000000e+04
3.771300000000000000e+04
3.773300000000000000e+04
3.774700000000000000e+04
3.776300000000000000e+04
3.776400000000000000e+04
3.779500000000000000e+04
3.779600000000000000e+04
3.780100000000000000e+04
3.781400000000000000e+04
3.783700000000000000e+04
3.783800000000000000e+04
3.784500000000000000e+04
3.792600000000000000e+04
3.793300000000000000e+04
3.797900000000000000e+04
3.799500000000000000e+04
3.800600000000000000e+04
3.803000000000000000e+04
3.803100000000000000e+04
3.804800000000000000e+04
3.804900000000000000e+04
3.669800000000000000e+04
3.670800000000000000e+04
3.675600000000000000e+04
3.678400000000000000e+04
3.679600000000000000e+04
3.680800000000000000e+04
3.686300000000000000e+04
3.689800000000000000e+04
3.690700000000000000e+04
3.690800000000000000e+04
3.694300000000000000e+04
3.695000000000000000e+04
3.696300000000000000e+04
3.697600000000000000e+04
3.697700000000000000e+04
3.697800000000000000e+04
3.700500000000000000e+04
3.705900000000000000e+04
3.707400000000000000e+04
3.707500000000000000e+04
3.708300000000000000e+04
3.709700000000000000e+04
3.710500000000000000e+04
3.711900000000000000e+04
3.713500000000000000e+04
3.717100000000000000e+04
3.720000000000000000e+04
3.721300000000000000e+04
3.721400000000000000e+04
3.723300000000000000e+04
3.724400000000000000e+04
3.731500000000000000e+04
3.732200000000000000e+04
3.461300000000000000e+04
3.467900000000000000e+04
3.468000000000000000e+04
3.473500000000000000e+04
3.474900000000000000e+04
3.477900000000000000e+04
3.486700000000000000e+04
3.487600000000000000e+04
3.488700000000000000e+04
3.491600000000000000e+04
3.495500000000000000e+04
3.496600000000000000e+04
3.500500000000000000e+04
3.505100000000000000e+04
3.507900000000000000e+04
3.509900000000000000e+04
3.511700000000000000e+04
3.513000000000000000e+04
3.520000000000000000e+04
3.521200000000000000e+04
3.521300000000000000e+04
3.525500000000000000e+04
3.533000000000000000e+04
3.162500000000000000e+04
3.164000000000000000e+04
3.171300000000000000e+04
3.174100000000000000e+04
3.185900000000000000e+04
3.190600000000000000e+04
3.205600000000000000e+04
3.107200000000000000e+04
3.111100000000000000e+04
3.122300000000000000e+04
3.127800000000000000e+04
3.128800000000000000e+04
3.135000000000000000e+04
3.137200000000000000e+04
3.142300000000000000e+04
3.153300000000000000e+04
2.957900000000000000e+04
2.968300000000000000e+04
2.979000000000000000e+04
2.984400000000000000e+04
2.984500000000000000e+04
2.985600000000000000e+04
2.988900000000000000e+04
2.991300000000000000e+04
2.992100000000000000e+04
2.994300000000000000e+04
2.994400000000000000e+04
3.005600000000000000e+04
3.012400000000000000e+04
3.584100000000000000e+04
3.585400000000000000e+04
3.589200000000000000e+04
3.591900000000000000e+04
3.599900000000000000e+04
3.600000000000000000e+04
3.600800000000000000e+04
3.606500000000000000e+04
3.617000000000000000e+04
3.619800000000000000e+04
3.776300000000000000e+04
3.776400000000000000e+04
3.780100000000000000e+04
3.781400000000000000e+04
3.783700000000000000e+04
3.783800000000000000e+04
3.784500000000000000e+04
3.793300000000000000e+04
3.797900000000000000e+04
3.799500000000000000e+04
3.803000000000000000e+04
3.803100000000000000e+04
3.804800000000000000e+04
3.421900000000000000e+04
3.426000000000000000e+04
3.427400000000000000e+04
3.432700000000000000e+04
3.432800000000000000e+04
3.437700000000000000e+04
3.449500000000000000e+04
3.451300000000000000e+04
3.455900000000000000e+04
3.460100000000000000e+04
3.403100000000000000e+04
3.411700000000000000e+04
3.411800000000000000e+04
3.423200000000000000e+04
3.426000000000000000e+04
3.432700000000000000e+04
3.437600000000000000e+04
3.444300000000000000e+04
3.661200000000000000e+04
3.681600000000000000e+04
3.685100000000000000e+04
3.688700000000000000e+04
3.695800000000000000e+04
3.698400000000000000e+04
1.955100000000000000e+04
1.974900000000000000e+04
1.980300000000000000e+04
1.987200000000000000e+04
1.991700000000000000e+04
2.004700000000000000e+04
2.020500000000000000e+04
2.060800000000000000e+04
2.066200000000000000e+04
2.076200000000000000e+04
2.091900000000000000e+04
2.093400000000000000e+04
2.100000000000000000e+04
2.105000000000000000e+04
1.525700000000000000e+04
1.531500000000000000e+04
1.542800000000000000e+04
1.544600000000000000e+04
1.557200000000000000e+04
1.564000000000000000e+04
1.566400000000000000e+04
1.570100000000000000e+04
1.590800000000000000e+04
3.335500000000000000e+04
3.342100000000000000e+04
3.346100000000000000e+04
3.363700000000000000e+04
3.373500000000000000e+04
3.377000000000000000e+04
3.191600000000000000e+04
3.200100000000000000e+04
3.201100000000000000e+04
3.220800000000000000e+04
3.221800000000000000e+04
3.236400000000000000e+04
1.371800000000000000e+04
1.386400000000000000e+04
1.396000000000000000e+04
1.405100000000000000e+04
1.414100000000000000e+04
1.419400000000000000e+04
1.421100000000000000e+04
1.432200000000000000e+04
1.442100000000000000e+04
1.552300000000000000e+04
1.555600000000000000e+04
1.564300000000000000e+04
1.571700000000000000e+04
1.574000000000000000e+04
1.575800000000000000e+04
1.595600000000000000e+04
1.603800000000000000e+04
1.431800000000000000e+04
1.444100000000000000e+04
1.448000000000000000e+04
1.453100000000000000e+04
1.456400000000000000e+04
1.460700000000000000e+04
1.468300000000000000e+04
1.471700000000000000e+04
1.477300000000000000e+04
1.479700000000000000e+04
1.383200000000000000e+04
1.392700000000000000e+04
1.402800000000000000e+04
1.406900000000000000e+04
1.417500000000000000e+04
1.417600000000000000e+04
1.419200000000000000e+04
1.424800000000000000e+04
1.441800000000000000e+04
1.444000000000000000e+04
1.445600000000000000e+04
2.110100000000000000e+04
2.115200000000000000e+04
2.130400000000000000e+04
2.130500000000000000e+04
2.136800000000000000e+04
2.153400000000000000e+04
3.435800000000000000e+04
3.441100000000000000e+04
3.452400000000000000e+04
3.453800000000000000e+04
3.460800000000000000e+04
3.461800000000000000e+04
3.469800000000000000e+04
3.475400000000000000e+04
3.477200000000000000e+04
3.478300000000000000e+04
1.787700000000000000e+04
1.812400000000000000e+04
1.823100000000000000e+04
1.845200000000000000e+04
2.824800000000000000e+04
2.829200000000000000e+04
2.832200000000000000e+04
2.841100000000000000e+04
2.850500000000000000e+04
2.873000000000000000e+04
2.877000000000000000e+04
1.178900000000000000e+04
1.186300000000000000e+04
1.203600000000000000e+04
1.205200000000000000e+04
1.214900000000000000e+04
1.215000000000000000e+04
1.767100000000000000e+04
1.770000000000000000e+04
1.785800000000000000e+04
1.793200000000000000e+04
1.806000000000000000e+04
1.809500000000000000e+04
1.082400000000000000e+04
1.100600000000000000e+04
1.111800000000000000e+04
1.114800000000000000e+04
1.130900000000000000e+04
1.140700000000000000e+04
1.144400000000000000e+04
1.816200000000000000e+04
1.827300000000000000e+04
1.836500000000000000e+04
1.841700000000000000e+04
1.852800000000000000e+04
1.869900000000000000e+04
1.873200000000000000e+04
1.884000000000000000e+04
9.515000000000000000e+03
9.516000000000000000e+03
9.619000000000000000e+03
9.808000000000000000e+03
9.826000000000000000e+03
9.827000000000000000e+03
9.877000000000000000e+03
9.938000000000000000e+03
1.793000000000000000e+03
1.843000000000000000e+03
1.860000000000000000e+03
1.935000000000000000e+03
1.981000000000000000e+03
2.045000000000000000e+03
2.201000000000000000e+03
2.238000000000000000e+03
2.282000000000000000e+03
2.672000000000000000e+03
2.710000000000000000e+03
2.759000000000000000e+03
2.942000000000000000e+03
3.132000000000000000e+03
3.146000000000000000e+03
3.224000000000000000e+03
5.617000000000000000e+03
5.688000000000000000e+03
5.776000000000000000e+03
5.866000000000000000e+03
5.867000000000000000e+03
5.999000000000000000e+03
7.790000000000000000e+02
9.390000000000000000e+02
1.230000000000000000e+03
1.283000000000000000e+03
1.203000000000000000e+03
1.311000000000000000e+03
1.371000000000000000e+03
1.481000000000000000e+03
1.581000000000000000e+03
1.734000000000000000e+03
1.778000000000000000e+03
1.835000000000000000e+03
2.495000000000000000e+04
2.511400000000000000e+04
2.522500000000000000e+04
2.524200000000000000e+04
2.531700000000000000e+04
2.535900000000000000e+04
2.538100000000000000e+04
2.553600000000000000e+04
1.097900000000000000e+04
1.138100000000000000e+04
1.138200000000000000e+04
1.140000000000000000e+04
1.167000000000000000e+04
