3.513000000000000000e+03
3.526000000000000000e+03
3.589000000000000000e+03
3.596000000000000000e+03
3.661000000000000000e+03
3.677000000000000000e+03
2.834000000000000000e+03
2.850000000000000000e+03
2.860000000000000000e+03
2.871000000000000000e+03
2.900000000000000000e+03
2.932000000000000000e+03
2.962000000000000000e+03
2.978000000000000000e+03
2.996000000000000000e+03
3.007000000000000000e+03
3.059000000000000000e+03
3.104000000000000000e+03
3.116000000000000000e+03
3.122000000000000000e+03
3.129000000000000000e+03
3.130000000000000000e+03
4.282000000000000000e+03
4.314000000000000000e+03
4.338000000000000000e+03
4.375000000000000000e+03
4.401000000000000000e+03
4.410000000000000000e+03
4.464000000000000000e+03
4.486000000000000000e+03
4.514000000000000000e+03
4.527000000000000000e+03
4.559000000000000000e+03
4.610000000000000000e+03
3.479000000000000000e+03
3.502000000000000000e+03
3.539000000000000000e+03
3.583000000000000000e+03
3.685000000000000000e+03
3.691000000000000000e+03
3.757000000000000000e+03
3.822000000000000000e+03
4.902000000000000000e+03
4.910000000000000000e+03
4.940000000000000000e+03
4.945000000000000000e+03
4.988000000000000000e+03
5.001000000000000000e+03
5.042000000000000000e+03
5.096000000000000000e+03
2.343000000000000000e+03
2.384000000000000000e+03
2.389000000000000000e+03
2.393000000000000000e+03
2.394000000000000000e+03
2.420000000000000000e+03
2.433000000000000000e+03
2.461000000000000000e+03
2.476000000000000000e+03
2.495000000000000000e+03
2.510000000000000000e+03
2.511000000000000000e+03
2.534000000000000000e+03
2.537000000000000000e+03
2.542000000000000000e+03
2.543000000000000000e+03
2.564000000000000000e+03
2.575000000000000000e+03
2.604000000000000000e+03
2.611000000000000000e+03
2.615000000000000000e+03
2.627000000000000000e+03
4.280000000000000000e+02
4.440000000000000000e+02
4.480000000000000000e+02
4.910000000000000000e+02
5.390000000000000000e+02
5.480000000000000000e+02
5.870000000000000000e+02
6.290000000000000000e+02
6.730000000000000000e+02
7.050000000000000000e+02
7.140000000000000000e+02
1.255000000000000000e+03
1.327000000000000000e+03
1.337000000000000000e+03
1.338000000000000000e+03
1.366000000000000000e+03
1.377000000000000000e+03
1.402000000000000000e+03
1.427000000000000000e+03
1.510000000000000000e+03
1.530000000000000000e+03
1.531000000000000000e+03
1.550000000000000000e+03
7.530000000000000000e+02
7.720000000000000000e+02
8.050000000000000000e+02
8.190000000000000000e+02
8.340000000000000000e+02
8.560000000000000000e+02
8.780000000000000000e+02
9.130000000000000000e+02
9.240000000000000000e+02
9.570000000000000000e+02
9.920000000000000000e+02
2.574000000000000000e+03
2.585000000000000000e+03
2.626000000000000000e+03
2.640000000000000000e+03
2.652000000000000000e+03
2.653000000000000000e+03
2.666000000000000000e+03
2.685000000000000000e+03
2.692000000000000000e+03
2.698000000000000000e+03
2.707000000000000000e+03
2.781000000000000000e+03
2.807000000000000000e+03
2.813000000000000000e+03
2.844000000000000000e+03
2.909000000000000000e+03
2.937000000000000000e+03
2.081000000000000000e+03
2.087000000000000000e+03
2.145000000000000000e+03
2.151000000000000000e+03
2.164000000000000000e+03
2.184000000000000000e+03
2.204000000000000000e+03
2.207000000000000000e+03
2.272000000000000000e+03
2.301000000000000000e+03
2.302000000000000000e+03
2.323000000000000000e+03
2.331000000000000000e+03
2.363000000000000000e+03
2.364000000000000000e+03
1.412000000000000000e+03
1.469000000000000000e+03
1.484000000000000000e+03
1.524000000000000000e+03
1.540000000000000000e+03
1.546000000000000000e+03
1.549000000000000000e+03
1.604000000000000000e+03
1.619000000000000000e+03
1.636000000000000000e+03
1.644000000000000000e+03
1.745000000000000000e+03
1.792000000000000000e+03
1.827000000000000000e+03
9.160000000000000000e+02
9.300000000000000000e+02
9.560000000000000000e+02
9.750000000000000000e+02
1.000000000000000000e+03
1.023000000000000000e+03
1.039000000000000000e+03
1.067000000000000000e+03
1.135000000000000000e+03
1.169000000000000000e+03
1.235000000000000000e+03
1.243000000000000000e+03
1.290000000000000000e+03
5.050000000000000000e+02
5.160000000000000000e+02
5.260000000000000000e+02
5.650000000000000000e+02
5.790000000000000000e+02
6.000000000000000000e+02
6.050000000000000000e+02
6.130000000000000000e+02
6.140000000000000000e+02
6.360000000000000000e+02
6.810000000000000000e+02
6.920000000000000000e+02
7.170000000000000000e+02
8.030000000000000000e+02
8.040000000000000000e+02
2.347000000000000000e+03
2.374000000000000000e+03
2.387000000000000000e+03
2.419000000000000000e+03
2.429000000000000000e+03
2.475000000000000000e+03
2.501000000000000000e+03
2.517000000000000000e+03
2.555000000000000000e+03
2.584000000000000000e+03
2.642000000000000000e+03
2.650000000000000000e+03
2.651000000000000000e+03
1.707000000000000000e+03
1.738000000000000000e+03
1.776000000000000000e+03
1.799000000000000000e+03
1.826000000000000000e+03
1.896000000000000000e+03
1.906000000000000000e+03
1.946000000000000000e+03
1.961000000000000000e+03
1.967000000000000000e+03
2.036000000000000000e+03
2.075000000000000000e+03
2.076000000000000000e+03
2.103000000000000000e+03
2.160000000000000000e+02
2.640000000000000000e+02
2.880000000000000000e+02
4.060000000000000000e+02
4.190000000000000000e+02
4.520000000000000000e+02
4.810000000000000000e+02
5.220000000000000000e+02
1.113000000000000000e+03
1.201000000000000000e+03
1.230000000000000000e+03
1.267000000000000000e+03
1.328000000000000000e+03
1.579000000000000000e+03
1.615000000000000000e+03
6.304000000000000000e+03
6.317000000000000000e+03
6.350000000000000000e+03
6.397000000000000000e+03
6.421000000000000000e+03
6.424000000000000000e+03
6.940000000000000000e+02
7.000000000000000000e+02
7.820000000000000000e+02
4.274000000000000000e+03
4.304000000000000000e+03
4.370000000000000000e+03
4.424000000000000000e+03
4.451000000000000000e+03
4.465000000000000000e+03
1.352000000000000000e+03
1.366000000000000000e+03
1.383000000000000000e+03
1.404000000000000000e+03
1.422000000000000000e+03
1.522000000000000000e+03
1.523000000000000000e+03
1.552000000000000000e+03
5.730000000000000000e+02
6.000000000000000000e+02
6.130000000000000000e+02
6.140000000000000000e+02
6.290000000000000000e+02
7.160000000000000000e+02
9.350000000000000000e+02
9.450000000000000000e+02
9.490000000000000000e+02
9.840000000000000000e+02
9.880000000000000000e+02
1.008000000000000000e+03
1.091000000000000000e+03
1.357000000000000000e+03
1.377000000000000000e+03
1.389000000000000000e+03
1.390000000000000000e+03
1.399000000000000000e+03
1.403000000000000000e+03
1.416000000000000000e+03
1.443000000000000000e+03
1.495000000000000000e+03
1.521000000000000000e+03
1.537000000000000000e+03
1.072000000000000000e+03
1.089000000000000000e+03
1.090000000000000000e+03
1.147000000000000000e+03
1.151000000000000000e+03
1.185000000000000000e+03
1.189000000000000000e+03
1.226000000000000000e+03
1.253000000000000000e+03
5.850000000000000000e+02
5.940000000000000000e+02
5.990000000000000000e+02
6.020000000000000000e+02
6.070000000000000000e+02
6.170000000000000000e+02
6.210000000000000000e+02
6.310000000000000000e+02
6.340000000000000000e+02
6.400000000000000000e+02
6.550000000000000000e+02
6.670000000000000000e+02
6.680000000000000000e+02
6.720000000000000000e+02
2.220000000000000000e+02
2.330000000000000000e+02
2.430000000000000000e+02
2.470000000000000000e+02
2.480000000000000000e+02
2.840000000000000000e+02
2.850000000000000000e+02
2.940000000000000000e+02
3.060000000000000000e+02
3.100000000000000000e+02
3.110000000000000000e+02
4.930000000000000000e+02
5.160000000000000000e+02
5.280000000000000000e+02
5.380000000000000000e+02
3.601000000000000000e+03
3.619000000000000000e+03
