1.444000000000000000e+03
1.445000000000000000e+03
1.466000000000000000e+03
1.471000000000000000e+03
1.523000000000000000e+03
1.617000000000000000e+03
1.629000000000000000e+03
1.635000000000000000e+03
1.648000000000000000e+03
1.664000000000000000e+03
1.701000000000000000e+03
1.702000000000000000e+03
1.722000000000000000e+03
1.060000000000000000e+03
1.080000000000000000e+03
1.095000000000000000e+03
1.100000000000000000e+03
1.110000000000000000e+03
1.120000000000000000e+03
1.215000000000000000e+03
1.231000000000000000e+03
1.240000000000000000e+03
1.241000000000000000e+03
1.267000000000000000e+03
1.266000000000000000e+03
1.270000000000000000e+03
1.285000000000000000e+03
1.340000000000000000e+03
1.389000000000000000e+03
1.448000000000000000e+03
1.457000000000000000e+03
1.481000000000000000e+03
1.456000000000000000e+03
1.470000000000000000e+03
1.501000000000000000e+03
1.504000000000000000e+03
1.517000000000000000e+03
1.558000000000000000e+03
1.587000000000000000e+03
1.624000000000000000e+03
1.657000000000000000e+03
1.667000000000000000e+03
1.705000000000000000e+03
1.711000000000000000e+03
1.065000000000000000e+03
1.098000000000000000e+03
1.099000000000000000e+03
1.108000000000000000e+03
1.109000000000000000e+03
1.111000000000000000e+03
1.112000000000000000e+03
1.130000000000000000e+03
1.185000000000000000e+03
1.199000000000000000e+03
1.216000000000000000e+03
1.265000000000000000e+03
1.305000000000000000e+03
2.440000000000000000e+02
2.930000000000000000e+02
3.370000000000000000e+02
3.560000000000000000e+02
3.630000000000000000e+02
3.780000000000000000e+02
3.840000000000000000e+02
3.940000000000000000e+02
3.950000000000000000e+02
4.010000000000000000e+02
4.020000000000000000e+02
4.220000000000000000e+02
4.350000000000000000e+02
4.910000000000000000e+02
1.207000000000000000e+03
1.222000000000000000e+03
1.280000000000000000e+03
1.294000000000000000e+03
1.352000000000000000e+03
1.353000000000000000e+03
1.372000000000000000e+03
1.385000000000000000e+03
1.393000000000000000e+03
1.398000000000000000e+03
1.411000000000000000e+03
1.432000000000000000e+03
1.443000000000000000e+03
1.464000000000000000e+03
1.846000000000000000e+03
1.879000000000000000e+03
1.900000000000000000e+03
1.918000000000000000e+03
1.948000000000000000e+03
1.995000000000000000e+03
1.996000000000000000e+03
2.003000000000000000e+03
2.020000000000000000e+03
1.426000000000000000e+03
1.431000000000000000e+03
1.463000000000000000e+03
1.500000000000000000e+03
1.503000000000000000e+03
1.526000000000000000e+03
1.560000000000000000e+03
1.561000000000000000e+03
1.562000000000000000e+03
1.578000000000000000e+03
1.602000000000000000e+03
1.612000000000000000e+03
1.628000000000000000e+03
1.662000000000000000e+03
1.070000000000000000e+03
1.082000000000000000e+03
1.093000000000000000e+03
1.104000000000000000e+03
1.119000000000000000e+03
1.124000000000000000e+03
1.135000000000000000e+03
1.140000000000000000e+03
1.141000000000000000e+03
1.147000000000000000e+03
1.155000000000000000e+03
1.156000000000000000e+03
1.177000000000000000e+03
1.213000000000000000e+03
1.259000000000000000e+03
2.520000000000000000e+02
2.580000000000000000e+02
2.920000000000000000e+02
3.340000000000000000e+02
3.420000000000000000e+02
3.510000000000000000e+02
3.610000000000000000e+02
3.730000000000000000e+02
4.200000000000000000e+02
4.560000000000000000e+02
5.120000000000000000e+02
1.852000000000000000e+03
1.889000000000000000e+03
1.893000000000000000e+03
1.899000000000000000e+03
1.936000000000000000e+03
1.662000000000000000e+03
1.718000000000000000e+03
1.721000000000000000e+03
1.735000000000000000e+03
1.742000000000000000e+03
1.756000000000000000e+03
1.791000000000000000e+03
1.222000000000000000e+03
1.260000000000000000e+03
1.280000000000000000e+03
1.294000000000000000e+03
1.352000000000000000e+03
1.372000000000000000e+03
1.385000000000000000e+03
2.466000000000000000e+03
2.530000000000000000e+03
2.544000000000000000e+03
2.556000000000000000e+03
2.443000000000000000e+03
2.445000000000000000e+03
2.471000000000000000e+03
2.503000000000000000e+03
2.959000000000000000e+03
2.983000000000000000e+03
3.004000000000000000e+03
2.262000000000000000e+03
2.270000000000000000e+03
2.315000000000000000e+03
2.356000000000000000e+03
1.981000000000000000e+03
2.022000000000000000e+03
2.130000000000000000e+02
2.290000000000000000e+02
2.340000000000000000e+02
2.470000000000000000e+02
2.600000000000000000e+02
2.760000000000000000e+02
2.850000000000000000e+02
2.900000000000000000e+02
2.940000000000000000e+02
2.990000000000000000e+02
3.210000000000000000e+02
1.040000000000000000e+02
1.140000000000000000e+02
1.210000000000000000e+02
1.240000000000000000e+02
1.250000000000000000e+02
1.410000000000000000e+02
1.500000000000000000e+02
1.570000000000000000e+02
1.630000000000000000e+02
1.660000000000000000e+02
3.180000000000000000e+02
3.510000000000000000e+02
3.520000000000000000e+02
3.720000000000000000e+02
3.840000000000000000e+02
3.880000000000000000e+02
4.090000000000000000e+02
4.180000000000000000e+02
9.700000000000000000e+01
1.060000000000000000e+02
1.190000000000000000e+02
1.260000000000000000e+02
1.290000000000000000e+02
1.340000000000000000e+02
1.390000000000000000e+02
1.440000000000000000e+02
1.480000000000000000e+02
1.520000000000000000e+02
1.590000000000000000e+02
1.600000000000000000e+02
1.670000000000000000e+02
1.700000000000000000e+02
1.770000000000000000e+02
1.840000000000000000e+02
3.300000000000000000e+01
4.100000000000000000e+01
4.200000000000000000e+01
4.600000000000000000e+01
5.400000000000000000e+01
5.600000000000000000e+01
5.900000000000000000e+01
6.100000000000000000e+01
4.970000000000000000e+02
5.120000000000000000e+02
5.400000000000000000e+02
5.440000000000000000e+02
5.450000000000000000e+02
5.720000000000000000e+02
5.770000000000000000e+02
5.820000000000000000e+02
5.910000000000000000e+02
6.080000000000000000e+02
6.130000000000000000e+02
6.340000000000000000e+02
4.330000000000000000e+02
4.350000000000000000e+02
4.500000000000000000e+02
4.680000000000000000e+02
4.700000000000000000e+02
4.910000000000000000e+02
4.990000000000000000e+02
6.990000000000000000e+02
7.110000000000000000e+02
7.200000000000000000e+02
7.210000000000000000e+02
7.770000000000000000e+02
7.870000000000000000e+02
7.960000000000000000e+02
8.070000000000000000e+02
8.080000000000000000e+02
8.430000000000000000e+02
8.600000000000000000e+02
5.660000000000000000e+02
6.150000000000000000e+02
1.650000000000000000e+02
1.810000000000000000e+02
1.830000000000000000e+02
1.900000000000000000e+02
1.910000000000000000e+02
2.000000000000000000e+02
2.020000000000000000e+02
2.100000000000000000e+02
2.170000000000000000e+02
2.330000000000000000e+02
3.300000000000000000e+02
3.510000000000000000e+02
3.520000000000000000e+02
3.840000000000000000e+02
7.770000000000000000e+02
7.870000000000000000e+02
7.960000000000000000e+02
8.070000000000000000e+02
8.430000000000000000e+02
8.600000000000000000e+02
