1.110800000000000000e+04
1.118400000000000000e+04
1.120000000000000000e+04
1.126000000000000000e+04
1.128400000000000000e+04
1.129800000000000000e+04
1.131000000000000000e+04
1.132300000000000000e+04
1.134200000000000000e+04
1.139100000000000000e+04
1.140500000000000000e+04
1.143200000000000000e+04
1.146800000000000000e+04
1.153900000000000000e+04
1.159200000000000000e+04
1.163800000000000000e+04
1.165200000000000000e+04
1.170700000000000000e+04
1.178100000000000000e+04
1.183900000000000000e+04
9.398000000000000000e+03
9.450000000000000000e+03
9.524000000000000000e+03
9.525000000000000000e+03
9.578000000000000000e+03
9.595000000000000000e+03
9.596000000000000000e+03
9.649000000000000000e+03
9.659000000000000000e+03
9.674000000000000000e+03
9.725000000000000000e+03
9.771000000000000000e+03
9.772000000000000000e+03
9.846000000000000000e+03
9.902000000000000000e+03
9.955000000000000000e+03
1.002900000000000000e+04
1.003000000000000000e+04
1.007300000000000000e+04
1.017400000000000000e+04
1.021500000000000000e+04
1.021600000000000000e+04
1.027800000000000000e+04
1.043500000000000000e+04
1.047800000000000000e+04
5.739000000000000000e+03
5.750000000000000000e+03
5.789000000000000000e+03
5.831000000000000000e+03
5.900000000000000000e+03
6.002000000000000000e+03
6.003000000000000000e+03
6.050000000000000000e+03
6.107000000000000000e+03
6.108000000000000000e+03
6.143000000000000000e+03
6.154000000000000000e+03
6.172000000000000000e+03
6.189000000000000000e+03
6.235000000000000000e+03
6.276000000000000000e+03
6.308000000000000000e+03
6.321000000000000000e+03
6.436000000000000000e+03
6.586000000000000000e+03
6.640000000000000000e+03
6.674000000000000000e+03
6.711000000000000000e+03
6.527000000000000000e+03
6.607000000000000000e+03
6.685000000000000000e+03
6.736000000000000000e+03
6.870000000000000000e+03
6.899000000000000000e+03
6.900000000000000000e+03
6.947000000000000000e+03
7.001000000000000000e+03
7.067000000000000000e+03
7.104000000000000000e+03
7.119000000000000000e+03
7.120000000000000000e+03
7.139000000000000000e+03
7.290000000000000000e+03
7.354000000000000000e+03
7.367000000000000000e+03
7.399000000000000000e+03
6.435000000000000000e+03
6.524000000000000000e+03
6.525000000000000000e+03
6.526000000000000000e+03
6.625000000000000000e+03
6.709000000000000000e+03
6.721000000000000000e+03
6.766000000000000000e+03
6.767000000000000000e+03
6.808000000000000000e+03
6.869000000000000000e+03
6.917000000000000000e+03
6.918000000000000000e+03
6.937000000000000000e+03
6.962000000000000000e+03
6.986000000000000000e+03
7.021000000000000000e+03
7.051000000000000000e+03
7.170000000000000000e+03
7.207000000000000000e+03
7.208000000000000000e+03
7.351000000000000000e+03
7.352000000000000000e+03
7.365000000000000000e+03
7.413000000000000000e+03
7.471000000000000000e+03
3.568000000000000000e+03
3.592000000000000000e+03
3.621000000000000000e+03
3.677000000000000000e+03
3.710000000000000000e+03
3.905000000000000000e+03
3.917000000000000000e+03
3.972000000000000000e+03
3.973000000000000000e+03
4.002000000000000000e+03
4.016000000000000000e+03
4.017000000000000000e+03
4.128000000000000000e+03
4.178000000000000000e+03
4.179000000000000000e+03
4.196000000000000000e+03
4.226000000000000000e+03
4.273000000000000000e+03
4.379000000000000000e+03
5.077000000000000000e+03
5.152000000000000000e+03
5.168000000000000000e+03
5.313000000000000000e+03
5.342000000000000000e+03
5.375000000000000000e+03
5.412000000000000000e+03
5.430000000000000000e+03
5.448000000000000000e+03
5.506000000000000000e+03
5.548000000000000000e+03
5.589000000000000000e+03
5.605000000000000000e+03
5.645000000000000000e+03
5.735000000000000000e+03
5.736000000000000000e+03
5.847000000000000000e+03
4.287000000000000000e+03
4.342000000000000000e+03
4.364000000000000000e+03
4.434000000000000000e+03
4.514000000000000000e+03
4.515000000000000000e+03
4.528000000000000000e+03
4.572000000000000000e+03
4.573000000000000000e+03
4.622000000000000000e+03
4.685000000000000000e+03
4.735000000000000000e+03
4.850000000000000000e+03
4.895000000000000000e+03
4.972000000000000000e+03
5.019000000000000000e+03
5.020000000000000000e+03
5.076000000000000000e+03
5.166000000000000000e+03
5.284000000000000000e+03
5.327000000000000000e+03
5.692000000000000000e+03
5.785000000000000000e+03
5.786000000000000000e+03
5.879000000000000000e+03
5.953000000000000000e+03
6.140000000000000000e+03
6.185000000000000000e+03
6.202000000000000000e+03
6.274000000000000000e+03
6.292000000000000000e+03
6.337000000000000000e+03
6.338000000000000000e+03
6.339000000000000000e+03
6.340000000000000000e+03
6.386000000000000000e+03
6.405000000000000000e+03
6.474000000000000000e+03
6.503000000000000000e+03
6.601000000000000000e+03
6.602000000000000000e+03
6.704000000000000000e+03
3.513000000000000000e+03
3.632000000000000000e+03
3.673000000000000000e+03
3.674000000000000000e+03
3.756000000000000000e+03
3.768000000000000000e+03
3.782000000000000000e+03
3.828000000000000000e+03
3.842000000000000000e+03
3.843000000000000000e+03
3.934000000000000000e+03
3.987000000000000000e+03
4.001000000000000000e+03
4.015000000000000000e+03
4.035000000000000000e+03
4.095000000000000000e+03
4.193000000000000000e+03
4.211000000000000000e+03
4.225000000000000000e+03
4.241000000000000000e+03
4.285000000000000000e+03
4.322000000000000000e+03
4.362000000000000000e+03
4.395000000000000000e+03
4.406000000000000000e+03
4.419000000000000000e+03
4.493000000000000000e+03
4.542000000000000000e+03
4.570000000000000000e+03
4.583000000000000000e+03
6.140000000000000000e+02
6.150000000000000000e+02
7.100000000000000000e+02
7.570000000000000000e+02
7.870000000000000000e+02
8.000000000000000000e+02
8.860000000000000000e+02
9.110000000000000000e+02
9.410000000000000000e+02
9.750000000000000000e+02
1.027000000000000000e+03
1.045000000000000000e+03
1.046000000000000000e+03
1.094000000000000000e+03
1.107000000000000000e+03
1.139000000000000000e+03
1.140000000000000000e+03
1.178000000000000000e+03
1.202000000000000000e+03
1.272000000000000000e+03
1.379000000000000000e+03
1.419000000000000000e+03
1.471000000000000000e+03
1.498000000000000000e+03
1.585000000000000000e+03
1.621000000000000000e+03
1.639000000000000000e+03
1.682000000000000000e+03
4.271000000000000000e+03
4.361000000000000000e+03
4.527000000000000000e+03
4.604000000000000000e+03
4.620000000000000000e+03
4.699000000000000000e+03
4.733000000000000000e+03
4.781000000000000000e+03
4.826000000000000000e+03
4.877000000000000000e+03
4.894000000000000000e+03
4.944000000000000000e+03
5.002000000000000000e+03
5.062000000000000000e+03
5.085000000000000000e+03
5.119000000000000000e+03
5.216000000000000000e+03
5.268000000000000000e+03
5.298000000000000000e+03
5.325000000000000000e+03
2.983000000000000000e+03
3.144000000000000000e+03
3.185000000000000000e+03
3.195000000000000000e+03
3.314000000000000000e+03
3.323000000000000000e+03
3.324000000000000000e+03
3.383000000000000000e+03
3.384000000000000000e+03
3.553000000000000000e+03
3.567000000000000000e+03
3.574000000000000000e+03
3.814000000000000000e+03
4.733000000000000000e+03
4.781000000000000000e+03
4.877000000000000000e+03
4.894000000000000000e+03
5.002000000000000000e+03
5.062000000000000000e+03
5.085000000000000000e+03
5.119000000000000000e+03
5.298000000000000000e+03
3.428000000000000000e+03
3.553000000000000000e+03
3.632000000000000000e+03
3.704000000000000000e+03
3.782000000000000000e+03
3.828000000000000000e+03
3.842000000000000000e+03
3.934000000000000000e+03
4.015000000000000000e+03
4.961000000000000000e+03
4.987000000000000000e+03
5.065000000000000000e+03
5.132000000000000000e+03
5.152000000000000000e+03
5.168000000000000000e+03
5.342000000000000000e+03
5.412000000000000000e+03
3.930000000000000000e+03
4.032000000000000000e+03
4.063000000000000000e+03
4.110000000000000000e+03
4.138000000000000000e+03
4.173000000000000000e+03
4.237000000000000000e+03
4.270000000000000000e+03
4.320000000000000000e+03
4.340000000000000000e+03
3.525000000000000000e+03
3.604000000000000000e+03
3.687000000000000000e+03
3.721000000000000000e+03
3.809000000000000000e+03
3.810000000000000000e+03
3.826000000000000000e+03
3.869000000000000000e+03
4.012000000000000000e+03
4.031000000000000000e+03
4.045000000000000000e+03
1.002900000000000000e+04
1.007300000000000000e+04
1.021500000000000000e+04
1.021600000000000000e+04
1.027800000000000000e+04
1.043500000000000000e+04
6.862000000000000000e+03
6.887000000000000000e+03
7.027000000000000000e+03
7.096000000000000000e+03
7.218000000000000000e+03
7.251000000000000000e+03
7.312000000000000000e+03
7.417000000000000000e+03
7.495000000000000000e+03
7.539000000000000000e+03
7.641000000000000000e+03
7.805000000000000000e+03
7.836000000000000000e+03
7.933000000000000000e+03
