1.200000000000000000e+01 -2.647294620000000123e+02 2.949914235211344931e+02 8.225533404850306596e+00
1.300000000000000000e+01 -2.617234500000000139e+02 2.929534381782108312e+02 1.037742731444968314e+01
3.000000000000000000e+01 -2.496994019999999921e+02 2.858546176571268234e+02 5.587072419439372162e+00
3.600000000000000000e+01 -2.581162410000000023e+02 2.878130725026372829e+02 8.136119913807281279e+00
4.100000000000000000e+01 -2.783567199999999957e+02 3.095892908074069396e+02 9.734938591496373306e+00
4.400000000000000000e+01 -2.641282649999999990e+02 2.974627851207378626e+02 9.275656507191113676e+00
5.600000000000000000e+01 -2.613226319999999987e+02 2.920669519774482978e+02 1.394043949873636734e+01
7.200000000000000000e+01 -2.721442870000000198e+02 2.992601345044328127e+02 4.366449942680521445e+00
9.000000000000000000e+01 -2.627254639999999881e+02 2.946164221744257929e+02 1.272316754906939629e+01
9.700000000000000000e+01 -2.577154239999999845e+02 2.857386786977531301e+02 4.072126359250455074e+00
9.900000000000000000e+01 -2.607214359999999829e+02 2.942816401891085434e+02 6.072512913038600857e+00
1.040000000000000000e+02 -2.721442870000000198e+02 3.028184271006526842e+02 1.101284748752073028e+01
1.120000000000000000e+02 -2.492985989999999958e+02 2.898584573288899833e+02 4.559451085815378057e+00
1.230000000000000000e+02 -2.430861820000000080e+02 2.719680541279170711e+02 3.870187932090480842e+00
1.240000000000000000e+02 -2.591182249999999954e+02 2.912723213178760489e+02 8.330881276943678415e+00
1.260000000000000000e+02 -2.643286739999999782e+02 2.915353566377231118e+02 8.101191379959118422e+00
1.280000000000000000e+02 -2.599198299999999904e+02 2.882649652711587578e+02 1.216152394391870040e+01
1.300000000000000000e+02 -2.478957819999999970e+02 2.775035435930521430e+02 9.686716022005974480e+00
1.390000000000000000e+02 -2.356713410000000124e+02 2.622566980648711024e+02 1.041181004672142585e+01
1.460000000000000000e+02 -2.585170289999999795e+02 2.885837417594137833e+02 6.082318999223889300e+00
1.470000000000000000e+02 -2.448897709999999961e+02 2.780095199201128366e+02 8.429916655449718021e+00
1.500000000000000000e+02 -2.607214359999999829e+02 2.954916592332850769e+02 9.058128053644622923e+00
1.510000000000000000e+02 -2.607214359999999829e+02 2.945622561502945587e+02 6.385051873488125196e+00
1.550000000000000000e+02 -2.607214359999999829e+02 2.913523101299846303e+02 2.885408293260327994e+00
1.600000000000000000e+02 -2.617234500000000139e+02 2.952665062875531703e+02 5.431437205450898809e+00
1.660000000000000000e+02 -2.501002039999999909e+02 2.738597361955856968e+02 4.584543232931213019e+00
1.710000000000000000e+02 -2.498997960000000091e+02 2.810109964750157587e+02 7.410511272531229210e+00
1.790000000000000000e+02 -2.587174380000000156e+02 2.904602074820301709e+02 1.005564954524346533e+01
1.840000000000000000e+02 -2.587174380000000156e+02 2.892407149278402017e+02 8.095554569441315351e+00
1.880000000000000000e+02 -2.617234500000000139e+02 2.924205589196602091e+02 2.838121305945181749e+00
1.890000000000000000e+02 -2.635270390000000020e+02 2.949929426818916340e+02 9.146406330008989727e+00
1.910000000000000000e+02 -2.623246459999999729e+02 2.940643320538893590e+02 1.518631434009625281e+01
1.920000000000000000e+02 -2.721442870000000198e+02 3.005584442397894804e+02 9.323205798105639985e+00
1.940000000000000000e+02 -2.394789580000000058e+02 2.687523095478253481e+02 5.022752100986999757e+00
1.980000000000000000e+02 -2.486973879999999895e+02 2.819792238528323196e+02 5.966180726580098792e+00
1.990000000000000000e+02 -2.593186339999999745e+02 2.865500808588150221e+02 5.756763234987925415e+00
2.000000000000000000e+02 -2.509017939999999953e+02 2.827526976005244705e+02 8.895774724287702995e+00
2.040000000000000000e+02 -2.593186339999999745e+02 2.905718346552428102e+02 1.062085711901637985e+01
2.060000000000000000e+02 -2.603206480000000056e+02 2.896630666976394650e+02 9.955015671098692565e+00
2.120000000000000000e+02 -2.571142270000000281e+02 2.835997372231146301e+02 1.167012361036822199e+01
2.160000000000000000e+02 -2.480961910000000046e+02 2.868173215094317356e+02 4.445426839939847774e+00
2.170000000000000000e+02 -2.585170289999999795e+02 2.927662746024557805e+02 3.397113351564617023e+00
2.180000000000000000e+02 -2.515030059999999992e+02 2.882890427183906468e+02 7.345986865925720366e+00
2.190000000000000000e+02 -2.505010069999999871e+02 2.818825229374540413e+02 3.571932280714327224e+00
2.200000000000000000e+02 -2.589178469999999948e+02 2.821589230191575552e+02 5.508252771931154257e+00
2.220000000000000000e+02 -2.601202390000000264e+02 2.882192330953005239e+02 7.306933897620822016e+00
2.240000000000000000e+02 -2.605210569999999848e+02 2.917065252212037194e+02 3.276116037258238745e+00
2.270000000000000000e+02 -2.505010069999999871e+02 2.819231824992037900e+02 6.837692276877193720e+00
2.310000000000000000e+02 -2.677354740000000106e+02 2.968980752198281721e+02 8.275303247465796375e+00
2.320000000000000000e+02 -2.729458920000000148e+02 2.961370837869383195e+02 5.710848398091132871e+00
2.330000000000000000e+02 -2.490982060000000047e+02 2.823887894806431973e+02 3.333330317541071341e+00
2.350000000000000000e+02 -2.444889829999999904e+02 2.695656543297575354e+02 5.993311566045161243e+00
2.370000000000000000e+02 -2.685370790000000056e+02 2.860415618431441089e+02 3.816611203689104226e+00
2.380000000000000000e+02 -2.529058070000000100e+02 2.867265208586297831e+02 9.205358768342657427e+00
2.410000000000000000e+02 -2.711422729999999888e+02 2.990787702418708136e+02 7.344956844900112358e+00
2.420000000000000000e+02 -2.715430910000000040e+02 3.030038410921138166e+02 1.418701258573254087e+01
2.430000000000000000e+02 -2.617234500000000139e+02 2.932745716759573043e+02 9.082705000437035991e+00
2.460000000000000000e+02 -2.641282649999999990e+02 2.973562582707450019e+02 1.414748593920679021e+01
2.470000000000000000e+02 -2.691382750000000215e+02 2.902691990088017633e+02 4.005612472705642801e+00
2.490000000000000000e+02 -2.591182249999999954e+02 2.900879879704244786e+02 9.221452530251882607e+00
